27563
10434
13618
20687
10041
58808
42138
2246
31867
59448
41223
4211
48636
22129
48206
56614
36687
41987
44039
13166
19937
54221
9444
4616
44996
26091
19211
43940
34948
36164
14599
51971
49372
34466
26879
13922
37415
22161
15894
16925
16746
34259
19237
468
36903
65331
59534
25901
47323
6592
45890
12574
36886
22170
61359
46869
21946
3870
10066
8295
62947
10460
20226
40785
14639
15601
41153
11608
52121
12639
28213
41376
11312
9095
55967
50962
4403
8641
6604
51278
33151
64070
24073
40476
15158
63166
46225
9283
59167
876
29800
2157
3595
43733
54639
45065
32338
8520
32451
39469
7210
10989
34611
34728
8961
27430
14955
52619
23152
11406
15457
59361
10185
5771
52365
63307
64404
49318
9179
43717
54455
14712
48342
46939
54256
64394
17508
49616
42583
227
56230
32810
17824
46796
62576
56442
58988
41175
51922
20938
28357
51811
1704
60298
37634
2468
49801
26168
49695
64258
8479
61176
20603
63562
39819
20827
47844
61856
25421
33345
13051
8262
37573
12449
29206
8250
63422
44684
16522
47098
20921
5495
7432
21812
11853
33460
13347
21513
40620
57099
2111
43469
55425
27213
61169
14896
42248
13839
35435
12091
432
23957
33513
3544
60925
9567
48684
53565
15708
16916
33029
27927
22043
40969
43842
35475
12193
57806
42681
22897
39172
23020
15645
8147
52910
49151
6269
26868
49929
51983
35288
37536
4862
6780
54717
27050
18986
17844
20637
54417
39176
30334
51399
26404
46595
24756
61658
51440
13560
38606
62131
24067
13923
38548
45579
28698
18720
26373
43799
7444
15438
35344
47710
30798
14561
20422
58174
36767
45515
54755
14166
44409
5812
6953
14941
41424
10095
57065
63181
17435
27768
20542
8003
3509
25042
12569
62779
18090
38698
4766
40786
17597
33880
62207
21328
1043
53323
10439
53075
4792
42218
54900
28998
44194
11497
55205
22636
28467
13655
37933
50772
62967
19178
43108
28012
28145
46765
49122
31089
8778
15857
63161
56384
55949
47177
65356
37915
6579
19061
19095
53677
22730
27600
57070
12375
25342
37891
55759
60579
11267
44022
8672
24548
46057
34374
25017
26981
9851
31257
12113
57552
8219
26022
61032
55804
57341
56490
25614
53089
39182
32520
38224
50798
36067
62572
54033
35884
64119
6676
19543
57312
42560
46156
46517
9060
55633
22487
1859
62067
60742
49130
63928
61920
55023
43601
14589
31564
54179
47605
24952
11494
17908
49970
58945
41542
45632
21577
14326
4626
9635
12718
383
45850
35299
34590
27323
9551
38254
34742
4054
44579
7899
14834
140
52638
29188
14025
36689
42036
64693
50560
62556
54051
24564
35380
35535
3880
61899
3440
61781
12196
57758
14000
47143
24024
41506
15215
50808
1043
46296
12786
7759
7932
31058
34383
31078
64582
51338
62549
64599
44004
30755
8858
30874
44400
56355
63746
31461
16259
10288
38789
12391
49411
38573
25854
16073
57802
16511
52923
55140
29063
41339
25141
28069
33925
11089
52504
53782
64195
18124
1966
16523
36053
2394
61762
57025
31182
20272
55614
7985
9870
45686
37026
993
56507
292
60056
52059
10565
45674
22230
49780
46739
24225
16412
36401
22915
29816
13802
64245
32364
42771
26738
2519
46772
12020
53647
28600
12085
25433
42586
22234
52726
34790
41295
44216
39862
13421
25089
53142
8855
57259
19574
2369
4335
62762
7475
20614
6012
38369
3458
38569
53562
12718
19076
52717
14417
41523
6949
10047
52684
10043
57011
42870
12345
55069
60356
7533
4110
39135
19797
58920
13597
10040
44590
63608
45115
63460
11879
14508
8166
32125
43973
22276
36766
4875
64961
17547
25024
45053
10681
27111
30462
59225
37695
34399
60030
16904
43427
21726
61702
544
53028
2178
27447
42103
35601
22258
10936
6829
12497
62650
19052
26340
21327
18221
8264
24364
27664
5402
6669
20126
2835
38014
53995
55379
59311
22647
38933
13927
26778
57693
3937
25982
28628
21222
61293
1371
58345
44658
45590
38900
26062
19367
47401
30685
62003
19396
33507
55390
9825
15152
28987
25870
9955
28275
50510
12634
14516
40089
36250
61543
22148
3300
45634
31794
32400
2716
48294
30737
21717
49122
37086
26854
28144
39335
31942
46793
12552
63938
56822
18048
8363
1375
63548
15980
17598
17564
61018
52171
59762
2081
59171
43255
60630
26454
37064
1146
35436
53831
34761
29105
2872
50397
63244
23840
47628
15770
28105
5165
11630
52005
25900
49764
30668
7610
10984
661
58164
35491
35023
56474
6458
55200
39238
46421
14425
41111
52995
35379
40750
17479
34934
19440
31440
3767
52524
17958
32247
7795
11562
29354
62962
39003
52552
25869
51473
45578
44360
38796
30087
20830
15293
21659
57475
42702
51634
36551
57421
24410
21677
27863
51970
50718
23060
64025
46338
30059
46649
42392
20391
8560
10486
3184
55675
13075
29327
46695
48264
22334
46089
59117
32836
53120
39610
40810
42227
21848
61677
49894
5471
64723
20484
50917
25870
50505
61442
797
20100
60048
40377
18192
62879
57228
43889
41845
32277
4881
10846
63054
8545
29139
38721
26175
15473
35538
17680
53826
41531
25827
54970
10146
960
24966
5637
33401
60293
38473
43812
58367
65249
13334
28174
19087
13380
40990
17282
18398
11416
7537
9236
1571
17530
37114
36337
28127
45511
44716
45455
54098
20162
7122
11714
42089
13016
50653
50523
60228
23402
20665
18640
62402
11308
42536
5672
24337
3526
38419
58065
9555
18635
38729
16120
12074
9603
33110
35208
4560
61604
45133
23237
3058
21471
17991
29645
12345
63350
56421
11795
45607
45607
28435
48135
61862
7594
48015
47930
33895
50867
2302
58905
16233
35417
42227
17834
7837
34609
57820
63930
10577
59257
52871
35142
31593
32979
15987
32588
35087
12445
33828
1380
61899
19062
49230
39459
10126
12664
3616
3051
49140
45539
8685
7078
53668
47441
19389
61011
62098
25258
55424
35027
60289
23363
53708
59215
55367
47415
2342
22165
42999
56286
12682
18955
57979
47720
5759
22608
22199
63134
43741
10693
50405
17594
63492
35234
19932
63119
64792
5324
21802
20534
37380
37672
52382
48872
59479
5866
54459
56261
53943
37514
33645
47470
26237
42632
60979
22668
26841
41189
55102
11364
36067
49593
6272
5334
50219
52684
1293
45393
35977
4948
6317
57939
3750
13306
64049
63571
2464
17970
17810
2495
23207
27245
6610
32995
16237
33996
26842
63743
5993
16467
7292
25757
42094
3813
13352
17981
48569
30361
60800
26395
1653
20051
38594
33717
493
15669
38704
56562
59194
14530
44887
57823
51534
17467
7931
14408
13669
61105
49966
37713
50670
14146
8514
37819
49080
59804
31846
38580
46171
54037
45449
27069
41219
53988
30201
5994
32877
18441
22982
32604
50497
35612
4250
61759
46325
39113
54559
27269
22637
14849
65441
49290
2494
55697
22516
15318
54535
33012
33736
43899
9021
14502
22251
49955
34837
32414
56072
4105
48661
21134
44561
38042
45111
16209
57090
28221
28397
40190
45074
16076
36142
19964
50742
58965
48712
26878
33072
37543
6954
1571
46268
749
55946
1746
50239
31064
18579
769
54904
14655
61458
33039
41852
19824
43374
26543
46
4292
9619
18091
60971
28299
20620
9990
20578
27188
17348
31061
42937
11926
42312
54204
26403
6808
55712
14567
25649
27707
48761
21259
56076
65255
43779
55702
42286
27236
27871
18958
1459
21744
31590
64269
10316
41609
59868
6022
15944
55927
33728
10764
42711
52480
33043
426
25821
10365
63693
3310
8661
40386
55151
33479
2717
26962
10124
8072
223
57859
43949
30183
35116
61350
10696
31005
7831
55760
9316
23003
9548
27659
55174
27645
26272
28138
2958
31226
26209
29322
46331
15773
13169
57511
26152
30450
37732
57139
48888
15260
2366
54082
51169
52523
55211
10636
23124
7205
37832
13602
37869
53724
57792
41801
5290
34603
40260
48163
20055
1737
3321
15926
6451
19231
27316
15351
40714
48413
4057
16660
27839
48901
21013
25418
18703
39100
25882
6363
1905
48317
20274
61697
35956
55776
44039
15583
3012
35096
50946
50338
40052
32232
33389
60775
32927
8103
26350
48476
33859
25173
46507
59690
58133
19940
33334
18868
25760
38293
49465
58126
4797
28085
27500
61971
20167
57458
32973
48006
8645
23579
992
35956
49360
23356
7554
46659
23510
44046
48528
32193
37472
42493
58910
23740
54264
49320
63650
56191
13920
27749
56573
51446
63847
36718
40807
54536
56638
14870
63365
59914
33966
10079
33596
58078
47503
41183
51927
20744
31097
22834
29299
1439
42006
48810
2346
17148
47786
46410
56340
23666
11013
63859
3308
48784
50906
8587
16566
9790
33868
17231
16821
30837
53783
53182
56205
45634
9211
62218
38408
43311
31735
44725
5598
51305
50307
55036
6480
25979
6969
10320
29379
10857
1903
4267
26597
23295
19933
480
8887
64133
38657
43111
31339
1678
60523
51026
62501
26949
45234
60982
34946
56843
20855
43736
40670
16884
18618
44974
8816
49438
17442
16477
63350
46489
25896
13691
12345
17971
59862
360
23174
31847
65030
34861
14293
14349
50116
33228
8157
1090
44991
44777
16045
13121
64528
9048
8019
35721
55475
45474
8928
64243
52950
47124
52575
57992
58209
51525
3628
17136
39786
11166
45375
47309
50123
50339
51920
11105
24948
32564
33341
40400
60044
51512
4902
7788
28530
33836
24176
3842
14797
18247
17587
7006
9316
32796
30883
53721
24580
35377
58082
16199
11711
13415
703
20502
20847
53609
21510
7462
42933
28932
24474
13040
45149
7913
50495
32800
7034
16695
49940
10163
3182
40826
53487
49452
25605
5405
11378
13086
19164
47117
27770
13878
35176
62735
30356
39033
55746
40719
53052
30495
60457
34579
34914
50282
7003
31730
15432
38382
55102
26993
60436
32681
29571
14703
33929
10371
35152
34529
21983
37786
51130
21982
61273
50169
3450
61427
6697
63076
4936
36252
40557
14781
47638
21434
49203
55875
35699
60815
48888
14835
40142
32647
47591
2093
3866
50739
2338
27507
64830
48047
41992
21024
35385
32158
8627
15677
15588
15330
30536
9237
32409
29631
23203
62689
20816
57344
41505
44021
65047
54595
17158
53623
50110
51667
39240
13694
27762
46145
53114
44825
41967
20417
29172
15664
44862
9480
29291
43084
14990
2175
16281
42917
37541
2842
6272
30381
34002
57466
43496
10953
63941
30244
48164
24127
22558
22623
18449
25554
18293
797
17652
15785
56119
22004
43188
24527
9911
39374
14945
21929
62940
24117
873
61921
29078
12850
11951
15083
53268
36568
48336
9269
63874
20863
62408
12045
42981
49713
5108
12146
33082
30778
16280
42595
33759
18768
24363
600
18546
40284
24911
20086
17218
54058
3070
63791
2523
6045
44245
17135
17621
58173
29158
18049
16400
56501
12094
28362
16421
39829
10373
2414
52688
27713
2875
46292
4058
38414
39239
49228
15416
54345
59162
64253
5553
53468
20208
17191
56435
64372
42791
50021
56805
5904
65369
9371
11887
28228
30515
44528
50718
8193
10399
48870
46492
2689
35951
7400
54651
53117
63719
53079
5154
14123
50203
63757
1537
31305
46590
11765
13939
37877
38305
58963
328
25776
43942
39975
14904
1523
52358
24683
63852
48333
7854
37601
46320
38250
23498
25899
4586
26252
61553
15295
54869
17522
19519
14341
59641
37806
43353
2486
25105
44304
16070
28854
33199
16989
32043
52277
24889
7756
26953
30932
37433
36554
9210
55770
45043
5787
43255
45115
63060
22372
4792
57690
38225
62320
46172
44934
37114
42823
39352
61624
12705
4173
52452
16575
28092
43956
29610
5138
55863
36283
5304
57030
30351
15498
50141
44472
1238
2777
56280
50621
5083
9759
23658
14471
13908
43489
29523
22722
64749
54427
41567
27493
10155
12068
18528
43047
64696
39968
37135
44623
47932
18458
65480
41700
32745
33350
36982
15334
62051
46055
61687
57973
7581
46373
30264
51540
15516
60732
56015
5824
22746
26802
13715
32348
44022
56575
7554
38290
64197
24995
35851
61419
437
49530
7634
12879
34070
52197
17056
3185
64765
33883
35305
8623
41069
41105
50991
41649
32076
42333
46022
25805
63701
49116
48175
30001
24178
48152
47470
62398
23179
21033
13502
47806
28391
29999
44128
38271
16498
30168
52142
39419
54128
40096
32925
43253
7591
30489
64339
16762
14496
1479
3985
5029
4284
31169
58770
48534
1398
19078
48751
44142
48163
38258
18196
39884
57900
60648
47428
51932
2162
15041
24516
50425
51588
35404
42226
50456
15088
36896
49871
5725
38212
14410
12453
40073
36470
10933
43563
27266
57033
1050
29522
56618
26441
23627
19024
58447
31641
35817
20295
47207
15802
43566
8417
31694
22890
12708
21539
26504
31973
47825
43083
61320
40322
24180
25229
14917
60535
17684
54423
36679
33800
2067
59263
23289
18150
53482
12
45449
25932
60557
47775
1123
64486
32097
29847
47204
17325
12374
39758
65533
37350
594
13504
8752
23627
19418
48223
56733
49420
47399
1541
57985
1231
58149
43432
46038
48936
26352
40336
14143
61798
12622
3883
8147
12567
42834
25241
33293
53861
9519
45241
45095
32022
40963
47824
3097
13412
40238
5238
3867
14771
22909
26826
61647
59024
18937
24249
16198
14345
37031
60469
60113
48963
29175
15299
36485
24057
47062
8299
48336
42083
40359
44810
61533
8969
35643
52329
12238
9795
43147
31718
18530
43595
47795
17076
11673
52841
14442
12584
46771
39306
18188
30705
28039
40634
56363
60993
58757
38826
7996
64603
45843
21263
8630
50482
8636
44356
16115
20230
42075
43676
25164
5068
5649
1152
35907
20466
58544
17514
50429
47352
6867
31821
25508
3764
20266
31121
19616
12844
52838
55586
47505
20566
35757
54543
47188
1942
28288
63638
55641
14716
12494
52232
2700
51216
57803
455
30550
49202
40648
25023
56814
22251
61651
24087
48914
32412
25243
52891
154
38714
51391
29486
43477
28304
34113
61108
23952
19876
27986
26006
45211
41309
28503
44158
14936
58942
22939
49143
51742
10739
31589
37254
4369
7762
41866
7392
26878
695
8683
35796
34510
35599
29751
62884
50295
58771
13890
33710
30746
25979
18130
53943
6056
56200
4034
35992
8103
12549
55762
58005
13670
25974
27228
10987
64838
64716
17044
24477
11268
12112
8419
35385
11012
41007
8314
7217
4678
22772
31215
27546
31729
19124
47618
21084
10741
32345
16213
1164
35555
29117
31575
50153
17570
23470
50808
17519
60580
8083
11711
21654
21337
26355
37185
52222
23576
25673
59544
32818
3361
37204
551
61013
39977
40650
8775
43470
53457
39711
25364
5208
11522
38376
16345
20375
3868
11385
61884
4945
9317
52789
23033
13095
3206
52224
56482
24049
63488
32137
41334
46504
59832
26878
31804
64272
33386
54139
7110
40967
55179
60114
27922
28236
2800
59
62585
8218
28991
49040
45225
24189
22104
6491
64144
60581
38076
63336
21678
25115
25606
53827
45872
33829
4183
64539
14515
10508
34916
22558
10558
7972
33930
56818
13262
45156
47620
46879
39440
60805
23707
6685
33568
52667
49849
8802
17756
60330
31687
19479
55162
29061
57730
9030
34308
51853
27279
24517
56420
58778
48341
29712
37780
56293
56618
62761
3073
57087
48787
48124
31238
23568
64297
18869
21508
12839
45420
41350
48366
7111
63089
14743
15278
31901
15466
25782
7020
4954
60393
58897
39440
49883
60079
51378
2894
40383
8451
6551
25258
56587
41236
11123
8537
12914
33257
27799
62180
50562
63302
33283
7411
8798
27033
55005
15750
9580
914
8717
35570
24087
32108
2251
53032
63250
53566
53008
65161
2901
14568
49003
22019
10836
12686
13293
65284
37220
64709
4730
8450
29096
5222
15052
35737
21506
10649
43548
25508
52682
10432
12173
38439
2802
31577
48404
58820
30526
48618
41371
23992
34579
38458
3701
58732
64115
17655
18634
52891
12381
28425
56106
5405
15524
28834
44144
5949
2926
21032
60856
1487
49059
11348
21763
4865
13994
25096
25924
16344
41658
62027
3170
46174
43493
36089
25500
16891
53432
23657
49259
8752
34515
52251
64530
45918
56239
44834
1368
39241
19010
27424
17951
12247
38269
6715
36582
15158
60221
63708
63244
33584
46760
65017
49096
3092
45946
12777
19037
31884
17326
57562
25989
24173
8857
51503
43244
17315
43999
27077
5941
12775
13663
13010
26457
38330
2269
9663
45066
30010
61437
40130
20944
22016
32363
22555
56740
29904
58033
60372
46593
58187
62906
43603
24864
2784
19750
9692
16887
9660
62022
41813
20102
30792
59660
6540
27550
33829
40694
10452
19171
35518
1263
29743
28558
59056
574
49820
65381
52276
57522
37551
56386
9255
24039
46647
31292
24177
25284
36642
55437
41633
12868
54693
5291
4882
65154
4195
41950
58775
49753
23699
44133
6421
3561
62130
13422
59
52445
28913
19115
55284
14290
59887
8938
5359
27231
50882
54889
58490
55153
57403
34973
39178
54170
26629
32734
17580
52525
49890
6408
45583
22138
48134
19762
32090
28463
15499
25387
14595
6348
1649
31195
49143
63720
57372
38585
41914
2696
39234
15097
12901
9816
63882
57279
63665
39609
26666
27339
63737
15206
41208
6203
2948
14332
49482
10638
6227
10691
23825
32065
11261
37243
46676
6398
17715
42270
17239
28593
47173
23820
17223
43061
7092
16841
57976
51137
15249
25620
48744
41109
39657
59148
13559
20141
54359
38602
12234
3837
47641
56274
4666
29075
463
1845
45143
21764
11498
12556
6721
2479
34335
10175
15069
14161
31835
20058
36104
1192
22078
11938
12564
59137
8420
1356
46624
22267
35887
42733
56298
15492
11955
25448
39069
54157
8597
23061
48922
7259
30922
35632
19419
62886
40224
57158
46997
3029
34810
5381
5121
51736
63502
36808
53282
16186
15217
9758
45002
4183
37245
60000
32750
17034
38081
17556
17678
5299
5482
45949
15573
33526
36056
37534
61950
15249
1614
32088
60855
15034
50693
2854
35010
13823
38961
35161
54516
55097
63718
33171
9658
30920
39403
8406
28062
59801
11795
35421
33060
54420
50304
63410
6542
36707
54373
56641
33151
19226
1312
62047
23772
22600
14018
6827
37260
40309
19685
58243
22223
18976
46594
33974
3205
43560
37352
34518
60725
1189
62551
21962
33450
6046
52452
20284
26744
13797
10868
45310
3071
48997
49836
29568
6960
18785
34365
6206
44150
45251
44665
59321
2381
7376
48884
31608
28477
52592
60834
45292
18092
56410
38265
25593
20702
51214
15912
51168
55948
43241
55031
46431
56891
20230
11004
51480
12833
56436
53168
5092
12335
35327
64359
25718
19067
40396
109
5058
30268
4290
54827
33012
29987
12438
6777
53462
55872
63784
49978
24804
43340
24924
45957
56612
46730
58484
34606
4608
38495
33446
53429
26384
48517
33361
11519
974
3359
27826
9288
1072
13856
17679
4591
51591
9542
1339
44950
25748
59116
14526
15697
45789
25461
55858
56511
63261
25293
6016
42953
44380
14769
49866
50438
31452
46584
10959
38985
30337
14777
54788
60107
23941
13843
10487
37821
8681
46344
18377
44866
2111
57752
58369
29664
20466
49065
37352
11295
54861
45303
44514
22095
28063
32409
51574
29849
37730
53991
58011
14686
56976
28080
13823
14070
49849
52279
17470
34678
60739
37000
33825
60442
10095
32956
1595
65363
13532
11061
62722
12503
41404
35117
38642
34463
61976
61635
4623
30283
51759
40998
23255
30714
4480
23111
49025
61108
45214
29306
19729
23055
33147
10240
17092
45090
62135
18270
36237
45199
23894
60693
15060
43097
61648
11012
6478
32653
36756
30728
22674
17255
55099
17668
21187
60610
59256
9855
29874
52358
55259
11959
42765
7181
10605
54476
28840
3156
1811
54502
19962
13508
46726
55949
2410
459
63944
28471
48833
16126
26485
16820
11932
1554
35265
32965
50362
19178
23156
37078
37417
49168
3162
17038
28211
54944
44203
1769
14251
53754
58231
3638
60528
55966
11099
4781
5208
4098
65499
36207
914
33069
21513
23643
56019
9498
51375
53190
45802
2528
55499
14574
64881
9895
38388
59062
7340
3308
10313
39553
43834
42475
35222
33020
39077
24287
51076
51098
35132
47325
63785
48705
23310
39811
23958
58559
31251
652
525
33912
20537
53207
59674
23152
10081
25177
8447
27525
42493
49484
28176
35989
9968
56899
39482
46254
15277
8479
50016
23239
35854
53597
49074
41245
22148
52390
2742
16179
36379
14744
31527
11293
34714
51122
64461
62189
39305
29217
32613
21259
56050
46777
2820
33045
5766
17373
41334
58498
4825
56820
217
23279
22212
15734
8232
47272
61454
16191
64504
17327
18282
2967
64845
15612
10162
53933
26795
5932
53809
45124
30357
19598
9175
38563
7566
40348
45751
48189
65431
51438
53512
36796
31582
54075
23383
31596
14791
24749
43187
38194
54360
62092
42906
55080
14518
111
27710
47532
42250
59750
65028
1682
27457
4262
49650
5810
64479
7487
7198
60303
13746
35632
40302
25877
64633
26893
16416
58479
47894
54217
32193
34659
37536
6204
61870
63502
63898
37104
33219
42295
11893
43938
51805
56715
11421
23814
37921
32962
4164
53294
58707
51300
54657
26043
63199
53600
7788
19997
56508
33775
37777
10971
23990
3627
52306
7041
16018
58843
8563
35864
26147
54930
42661
50217
45454
32713
38207
29941
10816
23447
4661
43022
8628
3022
12252
16226
49214
31087
41704
22732
64202
28107
34267
60941
34261
47197
47285
7372
65529
29821
46749
10298
22639
49126
35112
61771
48005
30931
59833
30451
6429
3898
13625
4639
35610
47279
14442
18321
57940
6018
48439
21626
65330
7950
19802
63488
44272
44219
62033
51679
19988
11905
30488
12493
39822
439
6331
63177
45635
45284
55486
622
47446
14507
5272
9781
24460
43713
55725
23583
36700
13158
14092
18508
39990
53656
27348
30958
3746
48292
19983
27120
60069
20136
14704
41661
24450
54804
2055
46468
36078
39714
35908
32785
10060
16915
18646
60440
64650
52712
1254
48385
4809
1319
19171
42947
6260
61614
47670
19771
21127
3964
27289
12942
55618
23084
21261
21270
6751
27286
38355
48259
16470
15782
43710
38616
30441
30243
6079
58370
19894
1452
56816
46840
55039
17305
33960
13789
32006
19342
32103
9283
8887
52996
61367
12489
51665
37204
60764
44889
38113
55566
51452
59884
4194
63646
37336
32635
14788
26260
53120
59069
57357
10791
38173
14969
12429
48640
43851
38255
40465
9251
41948
19698
64800
29381
32233
9714
32803
16461
60682
33666
34553
1038
35183
22797
65358
61063
53993
64163
26777
13517
23182
42427
43944
15047
15692
47097
39012
36666
19090
31537
31531
33861
10092
62643
195
33122
16928
37524
33447
52874
10765
60667
65226
34035
26175
41027
23245
62570
40070
30620
32627
24479
31074
1428
11846
30133
61146
25314
8151
45028
27280
21735
7560
60293
30161
26524
44961
23286
40851
30863
32845
39819
56786
43656
43371
48280
59949
5493
35514
16455
58726
4418
47058
19094
3852
4758
29919
39377
27571
62555
38107
15043
6229
27911
27204
25864
48410
58046
13535
28631
54278
48695
43543
6020
54241
62738
31389
27933
5892
62408
47945
40078
64541
52437
20155
5516
62627
52450
8356
13596
53623
63730
49115
13845
60789
34056
29688
8352
31684
61830
58808
16524
14867
58194
22022
1152
61258
29231
39968
63333
54064
56860
53904
52921
49761
57493
15099
48032
20124
28391
8966
46201
65062
6434
24345
63282
47267
55265
57698
37831
26854
11217
8019
23203
45370
333
61426
47642
40934
22848
30367
58549
1307
63560
39908
54551
40035
295
29985
19390
16648
53868
20796
50841
18361
9476
65308
22504
10189
15349
56230
33240
1790
32703
20116
50737
57365
64614
10663
50358
23300
40519
4348
4671
26200
31000
23399
32267
41863
8409
45717
29907
18608
12972
4143
29077
7475
53325
44683
36783
19274
32917
229
37071
15221
63536
7816
37054
47799
9958
55544
24130
3311
58590
61859
11032
11479
20138
23495
15498
48170
20730
8221
60546
36488
2269
1085
44874
29746
46683
60229
4854
54616
22908
62528
28091
5071
27875
18389
14841
33600
16035
38969
29427
7605
28572
38584
6454
29116
7948
62342
587
46598
47389
3084
60478
35366
27836
2717
31407
47170
25261
17245
17251
9517
63378
35923
17468
27002
19031
34412
14892
45380
50456
6699
42107
1203
17201
8164
36903
59538
64013
24493
64393
36925
17070
44051
5342
46338
32715
44097
9757
23496
58301
20363
38920
13606
19925
39483
14492
32252
54973
15708
23253
63084
53679
51609
54077
20679
13150
15614
34353
11152
59997
21108
17843
26259
22620
64392
25742
1780
40834
6100
10577
36767
29201
48196
57878
63099
25031
6773
12103
19463
534
11651
29945
36006
38550
33950
19738
20437
13188
28852
35892
35572
30337
3886
56604
43089
27341
60469
58783
25014
21542
13446
46099
2316
43633
20790
38236
51803
17088
38440
34612
34887
49953
4901
40905
3334
59390
969
60300
56645
30165
29849
38429
37733
48442
10470
30907
26233
36788
15724
21194
59250
46223
63298
29595
35885
52236
12466
6659
38156
38425
13308
7106
63075
50063
8650
57055
13330
40008
42730
44809
36324
12368
16531
6253
59871
19883
51699
19299
44335
24568
23586
53292
5136
27080
56221
28786
58530
26786
38582
25389
25107
54840
10689
41232
14364
45669
30185
6592
34819
13125
54753
19603
27539
59253
16598
35990
46353
14020
63938
8669
56009
59762
3340
35919
46214
40440
17333
20505
57178
34172
14398
14757
15218
13777
43232
2563
25215
10168
58307
60189
58966
47996
31068
53614
37097
37060
25094
14532
50099
11913
19186
988
26922
32463
22313
50892
53152
61501
6370
25541
8754
53276
24707
45372
7504
56012
30900
53112
57287
4846
36843
31138
6495
48266
43396
52400
2172
10644
62140
26129
61258
43624
12432
12551
18902
49622
45948
45537
32249
43040
56864
4014
34078
42852
20765
56497
26578
5556
35556
33065
11261
32456
17341
25331
60149
41029
36200
24684
27445
22968
30919
10407
59601
6977
29225
46076
18630
50718
7879
8088
49529
46164
22455
62804
60072
15321
32915
11702
6230
43443
16548
31317
60662
29105
17168
11966
21815
49791
15704
4172
48062
9996
42756
65064
62380
57578
59036
23444
23367
40015
48182
27506
51700
740
23118
54949
38864
33038
44746
54046
51027
15802
13923
14791
64526
55760
13868
59028
59135
12428
38287
15835
13400
65441
45252
63330
5401
46381
14660
29304
45039
2278
6789
13701
44246
15815
1324
5073
51402
38579
12675
63193
5385
33393
5919
18742
47692
17745
53765
55227
57757
34355
63359
57021
58971
27453
4080
48409
15321
25779
20722
57917
54814
40179
38228
13937
55934
3883
53484
45393
54891
3049
59768
63791
57800
61363
17566
25138
45967
25746
29528
39283
50816
18078
2075
11766
13766
57005
38008
9954
14270
49404
37168
9957
52821
56008
61232
9188
5939
61674
40815
5048
965
43870
37338
26414
32858
39797
41405
42297
58755
50481
18706
15992
43122
8781
46888
24623
53403
27038
7978
59488
47716
15432
6287
47894
2542
37885
5661
7730
36342
14798
13237
54674
26031
7102
23899
2214
737
3389
41249
10659
49225
19325
38669
4569
6079
16413
51189
58165
52292
34320
54419
62971
25147
53061
15794
60168
62227
18878
1499
58777
63036
39395
49690
12436
16374
28252
19217
62916
16889
11202
45704
34084
27329
20451
61247
41098
4950
24510
48151
32442
62614
43507
17184
41384
54266
12141
7794
8455
48933
16463
2110
2073
51191
19771
61529
57428
38253
55981
3010
64395
26283
28444
10066
50484
9911
34380
12178
40799
61558
46131
37335
50847
17091
31909
45687
63155
24949
18736
61830
20521
55797
24065
19298
57587
13859
4380
49378
2505
53314
51444
53237
764
52911
37562
90
51436
7330
951
46753
14390
41539
49346
47325
62645
1996
27199
31653
31969
27575
5398
8850
6
17330
59518
33948
39525
41115
41493
3621
6456
32944
22060
27743
52456
31176
54450
36631
23461
52621
51857
56912
6239
40976
11727
2890
37190
23988
14573
10415
56154
23704
48538
49326
1113
24023
41488
3992
50704
758
54212
35237
1308
1252
23279
4910
17145
53641
12049
35840
32362
3403
18069
26832
56815
26794
47820
20693
32199
18288
56858
35732
30098
11015
23103
10080
9496
14569
4268
13016
15064
14907
62945
36847
32140
53683
38175
20133
34033
24584
63104
30509
7447
31873
65119
57954
50241
58497
60596
47534
57849
10677
53854
13448
22335
11871
46952
30706
7284
17224
37261
62324
41593
30524
61641
31950
39514
50029
26621
60592
14990
64708
23505
17764
55842
12301
9556
18418
33526
16464
13576
35365
34325
15552
40007
63603
14003
40199
16641
46779
6458
39218
47600
60588
27646
47132
22375
14566
49022
941
30905
20301
16391
13052
52138
9506
23156
11392
17898
37612
40971
50188
23803
47264
58261
43448
64372
61044
44325
50507
22528
20766
50759
26527
9863
48838
24446
52231
18644
34236
6407
8329
27013
59144
34889
44809
25118
30479
17373
13901
30390
54478
42070
32295
56933
58974
22137
60771
48814
64296
37894
24667
17417
36450
6427
56873
40371
39478
39418
7479
17572
22817
9155
32395
4735
29666
63870
39262
45360
35775
36788
56003
45009
52450
40345
14064
60389
47159
27697
49647
5095
38981
37002
36548
52314
31287
14492
31454
43995
24725
12939
40449
61479
24506
61944
43358
41976
64206
15186
22281
7318
53105
58492
25796
7762
45783
65413
57819
668
20424
17985
5813
15110
6973
20695
42802
45066
57804
62452
8896
656
54837
64523
48171
24935
59737
47992
24148
5636
15223
49884
7001
10087
37738
27578
43690
43432
11806
6438
3660
54911
27283
64346
44416
53477
4788
49366
32087
65070
38470
13576
30509
40009
57174
53953
49300
62140
13331
60847
44374
7893
63354
55296
62173
59890
34739
48117
37770
55564
61738
31296
62956
49367
62031
24016
20628
25796
10552
15070
2169
18908
32820
47914
16891
6302
14170
47248
59018
33073
1237
50943
14871
9529
44956
46336
49195
58725
42449
3378
58159
31803
29648
3038
20212
54134
52717
12100
27447
26845
49932
11013
57735
36443
4490
12327
14716
21788
52053
49170
21236
22896
3304
20519
65264
5556
17623
21427
4652
27306
51145
39776
10645
4601
27690
59845
58107
14996
54726
40239
57153
24161
34250
49890
54374
63792
29451
37737
32884
2856
50454
27825
55824
32322
49974
36386
55369
43963
15545
65395
60304
32945
65061
35229
51648
41246
51386
13627
46250
8453
5332
33176
21194
11705
2561
14907
26297
41316
19934
5212
55434
64255
13105
62687
12771
31275
18119
42887
42488
27638
8016
3712
17198
23769
64557
46448
48645
51878
30036
23855
7058
20745
17384
36634
36806
45402
29838
8188
38673
47693
7743
52015
4339
13594
10931
39031
47773
61961
34802
32341
30808
21619
37739
12496
6257
59156
36505
21034
716
12950
46162
8431
25589
13881
25244
38293
18113
62893
10311
53083
39327
16352
44361
11285
55714
7040
63989
39166
9669
51362
40605
42793
45166
21437
19000
37448
28760
2477
13155
29311
48624
24654
52820
7782
56259
56644
29774
43975
36169
6423
19446
11421
49521
2625
10633
7138
11187
22941
1112
23184
9902
42975
38368
63544
11102
31906
62693
22627
14818
61074
62626
64670
37659
41312
27545
28155
23922
25548
43897
59432
25846
46081
5669
11667
64183
34731
55687
59303
26414
27577
26750
36264
62046
63772
25365
57914
31845
35003
64438
61798
25082
35515
34306
35961
28053
11549
36039
39463
28417
20515
93
54660
5371
60733
60912
36699
33701
38341
3578
36838
17414
61981
62707
52178
48420
55656
30483
63832
21070
44673
23540
9921
19020
37745
2971
21220
32510
17386
51975
16893
22335
35207
47971
64088
25395
39706
22867
13349
29805
4859
14317
48168
34099
53783
59792
25778
14916
29653
23686
16229
29782
48794
21474
62022
52756
44283
16918
49672
32664
5101
29392
7721
50342
37093
873
43981
4010
27844
25787
52795
51352
52897
50553
56550
36225
33110
54895
13828
18757
51326
58876
33455
48978
15176
37908
25087
63174
4675
12843
51667
2706
50939
12346
18810
4694
39067
57479
49861
28049
3518
62003
63589
46739
7276
41555
23372
42342
15034
14132
46232
50937
33820
23657
17390
16807
62851
50228
62325
4439
31787
3028
61854
38223
21230
8743
5401
59097
57197
29550
48196
27836
58053
41162
192
1741
2639
6941
24833
39148
18561
16497
51073
39524
56535
34183
52840
62649
48037
62996
28360
2208
12772
34854
14371
29533
58473
31476
22333
50573
11453
31821
19546
39841
6266
48639
55257
28030
7913
35241
61257
44353
15399
18424
1573
32832
32478
15195
45459
5222
38914
59141
17177
17888
19233
54747
65399
61045
35790
63036
53209
32109
37344
1050
51636
5505
25588
535
14490
59388
54084
22386
50976
47669
30459
42553
40827
7240
33071
52501
16427
45584
61999
31555
59408
46672
34656
45686
13060
4826
26793
5794
59761
28788
15590
61758
26769
13189
5035
43597
36278
35275
36420
55797
53396
7674
33154
14965
40188
24515
56127
53990
15875
31467
51859
60020
4685
24383
5781
27712
62434
771
6765
51222
14582
53245
41418
17836
25748
58344
54494
28848
13532
39180
51923
20639
38181
25413
41630
50205
42999
32907
30734
27456
15212
5215
64381
23411
4045
15311
10730
27975
8950
59469
17152
40400
34081
299
1861
220
58986
9947
55557
42373
60801
12963
44836
57514
35094
16502
2857
62489
48644
61267
10342
56670
62190
10340
45306
51005
3218
2564
26313
52121
42505
27158
9927
1078
27098
28036
8707
24766
27633
7120
65075
24912
28765
5845
31489
11740
49051
22979
36482
46513
16871
42641
33369
35751
7251
56266
44632
13675
39949
6889
38052
55580
59620
54240
44688
13895
43198
62276
56168
4769
51452
4653
59920
64906
34122
16348
54036
31166
51202
25315
257
38912
52106
41011
64188
2185
51854
54395
7891
33968
17016
22411
35197
18252
43189
3274
25247
52559
50682
42501
2000
53865
291
54242
2127
43552
20511
1261
2546
20282
9963
36370
12220
11242
54291
16258
30825
10797
24921
57968
9768
59295
37892
938
52414
49377
34561
60261
30456
52288
18697
27446
42279
55224
65049
22885
48636
17055
58362
23777
58312
53684
20096
24429
4741
9861
56150
26362
6218
11013
37678
11688
37577
2674
18275
14273
5495
10735
39530
22687
41102
21084
26950
18954
9352
20537
23070
32425
38873
277
33966
5770
33646
39608
14709
2923
62822
11510
42448
6350
40564
21984
21491
53855
56197
54406
15327
34717
47626
2008
50711
39441
34740
37008
4860
47016
64317
28439
2834
28476
63958
41514
29745
1924
44645
51939
49279
15627
61491
19616
28818
40086
50422
61905
60243
54674
57127
28295
42602
36752
45359
39354
1216
46496
32175
38337
44096
128
13781
5449
16986
17405
4851
1759
16012
21104
63996
1343
34755
30716
3175
22470
63099
62526
36496
64619
49668
48933
54354
12162
1004
40896
58773
54225
8560
51656
36738
62970
56494
63989
24579
1344
32028
62232
10063
55531
5638
53181
63620
57530
6322
32114
12166
43276
15436
43840
35003
64818
23863
59195
24108
33893
35229
14968
63335
38513
49305
26767
21273
44234
55126
14179
56040
2777
4768
60065
34864
21573
49562
64440
148
798
46222
39517
58754
39765
24442
47182
44340
122
60860
34009
50728
38144
5471
45894
58641
19082
27165
58283
58529
58272
22092
14632
31231
21179
36274
19564
19045
39505
58503
61299
55913
11218
29380
36544
49515
22211
31905
59403
60323
64635
3182
3040
50610
53105
61316
30268
23651
3797
58827
41517
338
52055
60765
54657
58203
40458
14926
22116
54582
51658
53730
30688
41710
27645
43107
58111
931
50772
26413
17768
27213
21745
30282
19997
20530
34062
23770
23717
58543
9417
21250
16225
63346
53797
24772
13447
58490
16891
32839
62909
34238
40456
31169
21608
55109
12737
18161
1854
5507
2738
4894
39508
49123
60270
60529
31399
31002
50399
9888
44886
42380
64363
16897
55646
23799
24710
26611
32215
25807
42451
14402
64830
2060
38768
48765
64894
30406
35341
82
17690
8916
63228
47437
6462
19518
463
24500
57843
47395
51878
64394
60738
5522
52282
60519
65220
56591
51631
21617
18981
33674
44919
6784
2655
5604
29664
5295
48649
5751
41541
13331
9426
51426
25471
4015
46970
55447
34037
59554
57335
5554
20032
35922
55251
334
55990
14230
30872
19936
11678
9533
65435
35035
42388
53574
37327
18908
20922
16447
14881
25257
7590
8029
55370
31830
58658
47980
18471
22410
33525
61761
3278
57445
11
3212
21329
20971
8137
47324
10516
21585
55298
43767
11117
25497
51332
48202
28247
21179
35622
33409
28418
5660
13520
58949
61767
62800
11215
5356
18183
34530
23172
53876
40297
32874
39432
51828
8982
55491
19453
16353
11814
11482
6555
56864
42493
23784
37234
18097
879
58927
58731
5990
61813
63092
24517
51106
60347
12275
15460
65512
7481
9251
4967
54071
63971
24713
14535
15920
24025
39504
49303
50958
62057
22949
46650
17801
50913
38408
58698
62365
35193
62363
41664
49227
56904
64854
48391
2216
29033
15299
49424
15137
7680
20308
30494
64242
33404
51326
36867
24338
17325
29593
18335
55415
8679
39823
56837
33026
21817
61783
45987
24409
46794
42702
22543
105
43307
63125
65062
22293
5369
52089
17709
20411
22965
15289
10116
34518
21513
6388
42488
27072
9558
38657
51725
62338
17408
6505
19176
40921
19892
18523
41039
10285
45565
17706
37986
36217
48671
51213
22189
63043
27279
21310
38466
5000
48861
49898
5832
26207
26695
62574
45779
28476
28873
39688
13424
11577
45410
49421
18176
64008
5353
4122
33094
2325
63918
59485
48268
58699
15441
51886
24185
652
22488
21232
38779
21008
56238
60669
21569
48869
21530
48804
21734
8676
31360
19723
40845
58177
29854
51860
44480
27415
63630
48004
43453
61372
38626
8809
27233
36738
60138
50182
55922
40953
35906
43287
34012
6489
33268
41047
1032
9041
43669
6013
22489
56375
35672
24129
15990
18829
18711
10614
19988
21597
2345
7593
16738
7007
27007
59559
52454
32160
19118
53147
44767
54499
9461
2570
2020
52427
51901
46101
27395
40652
5283
37855
32755
57930
50150
2639
29539
46314
64813
6964
53236
17094
26027
45868
40311
27989
1186
113
46389
60500
53127
51108
40528
46169
62339
11434
9462
61335
29854
18017
45792
64721
61100
53982
31726
43847
9463
16538
26120
52619
4345
62181
18560
46263
5774
37825
11698
14626
47923
57231
54391
58355
56260
18194
15460
52359
13854
52074
53644
49034
6598
9922
37182
27385
52649
33057
40372
24981
10218
349
15633
51105
12148
51926
32356
8789
34822
43089
23111
58495
16094
65106
6167
3480
39171
45409
39271
33905
14225
26537
48611
37594
6057
42801
51246
4039
47346
45215
9930
2617
21062
16398
65358
38218
63344
36314
23426
17907
23911
12175
19573
52677
22401
52867
19575
45754
3099
52439
54850
33749
49306
28533
16897
6292
18994
62050
43601
30968
29352
33023
17656
57659
20188
52597
7730
27364
40310
28525
62322
57564
36880
2375
38276
57371
52242
38944
33170
39631
23733
47730
61016
17976
25332
45138
9634
5950
19685
56890
12710
26292
12417
59921
23470
27475
6411
21187
27968
9954
58122
44964
47264
11175
4179
55932
37191
61531
17785
62208
27095
2378
61365
25109
54283
64849
64165
2252
32458
33639
22493
14998
64469
6515
26958
5960
7916
1198
46665
45470
24716
1159
57921
40723
58079
19004
53769
44876
28899
17645
28347
62203
36668
47720
8768
34668
2383
59784
3486
42542
17134
637
55780
40231
5073
57603
37940
51249
8485
46186
41095
18909
13340
22591
42913
16419
41592
38051
47674
34362
16625
28595
41912
38660
4557
56238
3889
33743
40486
43959
61730
32020
16727
38387
20620
7776
8485
13430
37325
50703
60219
6199
28224
54341
40996
41948
8043
32169
61685
34270
5198
52686
44304
30969
2356
56154
7515
321
55802
18246
33705
1318
14662
20985
57255
42384
21594
3679
52422
20766
800
36916
17363
8187
32442
19148
39797
6902
21682
570
15264
19774
48152
60544
9494
20026
37903
44954
8500
42275
40236
38120
5710
33870
16237
54225
60286
35132
53890
13522
5109
15137
14335
18315
25388
29576
54039
58579
38290
60585
39182
25527
24545
22061
41304
21261
30115
5751
60426
15187
61770
49045
45990
60700
34292
14088
37199
31709
39115
32182
13477
44083
53737
47165
47164
64175
13085
23972
12526
39562
8213
14066
55411
63793
6588
1643
46326
60839
326
30195
9868
13188
59202
13762
20354
29471
45071
39741
56012
39248
38820
56462
59614
45713
32598
720
9273
30664
4297
3638
49567
39401
35611
46039
35261
41800
4526
10442
44389
34220
46410
39263
60801
48221
39805
54377
49711
12941
40500
42354
31584
12001
47533
27664
29558
30117
26078
22878
52810
12712
22347
49801
12342
44521
56648
10089
47648
23213
38008
7990
29164
53187
20865
53184
27637
30775
48335
54681
30523
55447
51707
5200
43350
54368
41929
53308
24459
19150
58873
52672
19346
31243
38938
20415
58975
48893
6236
65471
41465
1645
42770
58749
57406
35624
41786
55417
64893
11432
18115
19346
38115
29890
47192
24413
50836
20875
29280
52869
36868
8412
32569
54919
14309
57122
57850
17536
61889
40835
45484
46053
17596
10813
15565
54527
47646
43291
35892
24756
61315
56108
57990
27006
20687
17211
42303
41356
7238
23417
4454
54913
17804
9222
19017
21297
4920
38852
62971
15120
55453
8303
34542
37124
50064
33058
54600
44789
13842
24675
11562
9142
36927
5570
61424
26939
56756
16076
22524
25545
26526
12370
11499
31208
14812
62042
39029
32105
10098
5161
8916
34405
26625
38413
51739
33473
22970
49195
12710
59779
48632
26614
17798
23118
55269
44159
38966
50059
10222
17549
1130
40610
50453
48295
52250
34457
9288
12315
63913
47591
65042
12169
59408
64138
8323
39440
41147
9432
41681
19381
36413
38423
65312
63141
20661
27998
29095
11165
48033
53491
43992
43997
37383
65046
52141
8885
55007
39566
27223
56970
32082
12981
30511
27525
35494
17748
24404
33938
20575
36251
52457
55423
19945
23788
41249
60760
13722
7355
41210
31281
42933
20916
10947
21319
11164
49005
47965
26605
22320
39935
12960
49392
46659
634
50473
25920
11378
40105
10057
40161
25030
36147
11997
40788
7666
41031
53303
24964
488
21368
62045
5992
27410
19037
5505
18550
53667
35947
14066
7940
35948
60756
26073
61948
61265
23148
63827
14442
29081
18732
4581
41386
22296
29313
13302
55096
41647
56870
58717
57608
62340
3015
13704
12207
3384
39438
36870
5356
44752
42025
38582
59636
8664
64795
2736
10434
34914
49833
41515
40027
57228
64072
60375
32489
10488
60690
16957
36156
42551
60758
47279
54888
24321
55023
30692
15168
20538
20565
41317
48518
17795
22200
50522
46854
6749
4324
9172
15961
16560
9862
42958
48336
65521
42754
14203
32199
9239
29766
42346
3013
17406
24300
21754
32935
54452
47997
15311
27730
29494
27375
5734
31029
18141
43932
35487
12934
15898
24781
28206
27776
59766
47383
19488
35979
13727
65127
10516
48437
13503
27021
65288
61152
42917
32680
37495
47352
58032
39564
62033
19082
31593
48798
54819
22462
57986
51201
22291
9821
7006
63309
43774
57740
61499
42923
23633
52064
35959
60163
57972
65519
25868
59156
30929
41209
56836
61897
39644
6106
47968
51934
59240
49744
41528
30941
17141
57314
37270
58126
11776
15280
1012
62585
27414
12153
39376
49119
34639
39944
48503
1291
39406
13967
40190
42198
55424
63174
9424
31281
33835
38664
57023
4610
2374
25218
60902
16250
56066
47465
41503
3002
14197
28417
13969
52528
11452
14396
38771
7239
35904
44255
50343
37042
47632
43080
4885
19598
11599
56863
939
63839
57325
41903
56843
25442
51853
5290
56134
45027
53323
39587
42011
50203
5228
47871
51443
62004
3494
37382
41359
59885
5606
36582
50727
41933
8508
14040
26739
48328
61302
54309
14164
42372
56791
21662
63502
9843
5815
8557
39765
38708
14217
48698
26445
4550
41444
7348
56784
28882
21406
38105
52357
28858
24766
65213
51032
1797
32549
50116
45002
44741
46891
40645
15864
33593
14446
54967
29021
8337
64962
49073
24574
13203
58099
34596
65326
55919
30226
41374
65178
41138
25270
57753
16610
28160
48805
64301
62392
61924
2355
14015
6031
31158
45391
34073
65523
11765
51658
37129
25748
61648
31367
41351
14776
11217
65126
10659
64618
24614
53592
23012
33535
61673
337
38240
7915
18559
33782
15755
33884
1042
39997
29805
57393
48194
17356
60685
28193
41299
12493
57972
37164
3080
12039
54997
2955
25843
23854
2464
15423
51970
12309
30276
31956
13382
12474
12484
51540
61643
21420
11023
23737
63304
49214
29829
44572
27705
31285
59156
43288
43173
17584
25795
24332
22439
3761
43669
8652
4560
39716
12204
19529
1895
19642
36110
993
15605
56244
46671
64697
43888
45201
21026
30351
6605
12050
2468
41594
21494
65387
30268
25454
52834
39485
64800
26959
62086
18182
4927
57551
15060
5132
40205
57967
99
51424
21018
63698
36602
50195
14453
617
15089
40173
9693
52804
21080
42210
13498
36346
59706
917
25368
13609
63846
18149
29358
24943
55514
64686
55415
45364
42303
15274
51206
27874
21565
59614
53183
50214
29429
51669
64513
15059
8540
12004
20679
55245
63760
56715
11804
36423
46208
18085
15541
63185
41027
14596
49914
11438
34079
55135
22550
25941
18757
56155
14847
40272
36174
48236
41129
65215
24707
11838
13186
11355
57133
28128
60350
45987
17108
8589
32740
49804
53424
60165
15629
33457
58816
25816
441
11937
43947
1944
53403
65255
53979
5484
23293
14899
10990
13331
51393
30279
21630
1169
8155
25834
8643
47402
35664
42318
47999
16570
30835
33483
21276
5755
19580
61898
39549
20236
38089
60149
53672
13631
40063
53737
25512
37303
43942
23268
53739
1945
26666
60481
28069
54235
31874
38394
65132
27729
8796
55256
25702
65054
50363
49232
64411
43968
53217
56294
42585
31087
55391
277
61155
9793
47970
59165
15242
17356
54493
41346
59082
9768
10829
44617
23273
15195
27610
54927
48828
14601
58851
12703
11838
4050
35678
54447
35234
51186
48544
47795
18803
41755
45506
33427
63119
39905
21718
63090
6250
7907
6960
57648
6433
48946
38623
10309
22256
20982
64289
53593
22550
58039
61362
35722
60330
55482
2778
39080
11495
32963
9955
44376
44589
39204
59615
52467
58461
64709
45937
33479
24874
21564
27251
63469
16299
32028
42449
3904
4496
60779
27929
13075
20538
12364
43061
33356
61503
59967
24553
35431
50213
60343
42056
21780
2973
31713
55464
49273
22738
45312
1525
48532
20642
102
45546
38359
19180
46015
18619
29273
7142
50413
62913
24477
43524
56112
34097
24498
57278
45878
23217
61781
38953
29014
29530
55176
14673
60413
18804
22177
62818
24530
62485
48705
24016
37385
42967
3340
64260
42104
62633
25561
1062
24034
29469
51370
60719
35642
55747
62880
51890
36931
27225
35599
53718
31504
18097
24732
19441
56095
11537
53474
5266
41355
58771
35566
52226
39517
20450
15230
43007
5388
41814
53284
7170
16005
24689
17159
62481
48412
13464
22395
16633
16907
3410
19938
5151
31675
46013
56715
20212
8849
53068
9455
63206
47926
2931
60965
63682
573
13644
54046
16048
7115
27242
30906
6881
48338
41260
28410
25594
1621
20123
40979
42922
63106
39574
42993
18980
40235
42953
36714
18089
42500
30411
50037
21547
24540
19174
30904
23166
17782
30296
49079
6062
58077
35160
50317
1159
37015
37010
53877
50273
57436
10554
23614
31711
29733
14298
25198
31400
43546
56308
60497
15400
47611
1048
36112
47500
63806
48975
20407
23678
2697
12094
21550
53918
16808
25315
7087
37765
42197
8292
56117
52965
55378
26663
20108
48668
58886
44756
57508
53811
47628
30766
31980
7958
17786
26290
38060
47502
9493
56997
12645
50016
16181
8996
14662
33206
7669
64496
21520
36122
33812
34096
49347
20034
53687
35988
36451
59938
4168
15117
61602
9553
23210
58120
50391
3453
17749
6119
12469
11654
51031
58505
43716
21472
53231
30419
44342
64734
21894
4972
24015
52521
12770
61433
63180
57315
698
46097
11053
40865
34679
23232
64569
18915
1016
61307
40981
51438
24677
42464
58524
44971
58311
33987
29996
48827
30876
30638
47691
35001
26243
42292
30679
40725
62875
11719
1302
50029
15583
26559
49723
1412
3208
55209
23744
31957
18222
11508
24777
34580
59769
22796
16
33434
39232
24451
22715
42455
32184
40364
57059
16225
21859
46766
32493
39945
27742
50591
2501
36751
10815
60127
62307
29380
7846
33340
16427
24094
11918
5101
36034
5840
55426
47681
19774
12702
32682
12393
28035
19893
6322
37472
32784
27889
44659
2283
62048
54659
56232
17952
64775
48545
50978
6596
58553
22632
40824
32846
32894
18866
13119
60187
2911
45034
25281
15987
47152
8254
12829
25284
42838
39836
42544
49546
17351
8532
5708
38634
39606
881
54272
14568
18369
52348
22164
9344
49403
54628
54807
19583
20578
22715
22942
36797
22178
59813
46528
47752
36532
33036
61528
54693
4244
12113
1493
43538
19254
7632
48376
18127
62703
46882
38190
63761
31735
44932
38600
30093
59925
56663
30289
28193
62798
24061
48037
40897
24436
8971
58490
44873
9925
26852
42036
15548
35725
12045
28971
25493
65323
29296
52094
24220
19276
31422
20410
58408
15343
64953
9689
52626
61794
51509
20595
27227
58224
50732
7170
7294
24083
23293
11274
17390
20248
50871
50165
9619
58954
23189
63828
47319
11252
46719
3645
3208
28323
42163
31355
51267
51515
46921
11195
16328
45944
54927
12545
40524
45828
32477
10509
23362
9621
15167
38025
17982
34281
23287
56705
54576
43971
51651
58023
1298
57817
14094
53960
26615
56355
5277
22091
47366
61819
53460
7621
34837
7838
9606
21579
35210
9641
29671
13327
36526
15464
21698
54854
9913
44827
37988
42358
2607
18923
26803
40404
19277
4565
42851
1924
24143
23120
54129
32336
50115
4879
28841
5841
65509
31220
24975
38627
7259
52451
55892
6245
29453
15445
47021
17253
34761
22060
38873
59444
22343
44520
46565
31532
45725
42731
58518
3157
5830
62494
10057
22026
52504
49685
60779
24853
58433
31795
6473
36054
27751
61785
60649
49082
53599
49923
29919
11515
26499
14031
26348
49898
31472
40407
48457
50955
60636
60265
28430
49221
6064
28472
57757
30994
42379
49517
64552
30932
63042
11377
63407
56126
56061
3240
12440
46390
43575
37156
57649
11216
61481
51890
1291
30594
22173
49167
19135
58525
23877
59650
58626
24797
27469
64376
10367
22997
746
43002
31120
54329
47763
28343
39640
1351
46393
1776
64627
25537
20632
6280
32128
53837
50106
60046
28059
22813
9328
60158
33253
46113
32591
58453
34344
27597
7314
46306
52956
62369
11727
9992
5115
8181
43860
48766
65383
31210
59798
2818
5121
21096
57196
11062
52689
10137
58971
15364
32773
32010
46982
8604
56270
33354
24648
19351
43219
6730
29365
18878
39725
38102
8322
59886
42364
7779
55544
17552
16066
54328
25278
60686
58492
47132
20696
51787
21777
33900
5910
59899
15335
45134
20424
7489
59555
22501
17598
58572
558
43432
62628
27935
45318
23791
6355
55554
52936
56758
58934
2449
276
37648
42181
30477
27602
3470
45929
49572
34607
41000
51584
61846
42092
1480
33276
14240
11159
37879
7040
33699
32081
3614
2593
21492
38769
57755
20474
62081
18220
1988
31748
35090
11666
719
6284
26862
1523
16399
47280
49282
29190
46415
24925
58709
25035
42950
52285
52165
22693
61839
58781
60371
29970
961
64773
9437
33023
41244
46502
17600
65013
51457
48782
22526
36891
21316
54419
32601
22135
33901
64796
65197
35269
16806
50223
36205
57650
9895
33316
5931
45346
19266
35465
10682
11947
716
813
50193
46063
18661
52856
1532
43172
9819
229
29963
45956
38066
28599
6611
35343
25181
53628
64678
20658
8161
11920
53845
40228
27554
12042
64973
4005
63367
41528
17769
20303
33362
9241
56150
62012
52352
53358
10216
15935
51526
41144
36839
19160
2981
16116
46403
26158
22266
13984
28842
32786
21639
63365
47368
2501
55522
9135
3857
11484
16432
41049
51139
32307
14351
51840
13458
40840
5453
22629
36935
48699
23774
37553
38802
24318
17887
30946
40264
64377
42142
27652
44687
30716
52364
2447
20807
22724
52112
30572
59073
1227
1988
16521
56998
41324
24601
10968
40706
29618
44202
43669
3450
15139
63389
63443
22409
3990
25346
33190
27386
50882
42000
59708
21992
5663
58659
41503
34653
36619
27023
46637
9584
16372
47645
6768
60978
8592
40526
40871
27071
2478
63295
46146
4410
59516
24305
33363
37221
43589
13752
33507
16990
13078
38067
35493
12572
36510
12578
40156
3161
40236
15866
62455
50513
1536
33542
62014
40530
57353
56996
51044
3445
50140
13553
65381
34559
13038
51620
19327
26166
13622
292
13479
30459
34547
36958
34206
41263
21884
37112
1748
44142
61631
41519
4746
56630
30514
42879
1480
28713
3831
41167
59844
19627
18123
36119
30655
41375
6078
11859
33910
58583
16016
42438
11116
12331
26168
14355
44643
42282
41968
61001
3041
13468
34486
34177
32181
879
50450
47836
7484
26876
35099
47927
7338
16305
53504
33943
1146
52372
26154
18745
44888
42598
57100
14129
41646
36852
2394
23059
19467
13018
30111
24299
3511
12691
52499
41155
46648
17581
17874
35772
53488
44579
13493
10148
49874
12622
9878
61094
41714
28349
45516
14339
36778
39749
21847
32168
15049
1203
49199
46464
44971
8314
33361
17366
56039
32309
10286
39511
29867
26626
15974
15141
56184
50907
34936
50606
59890
34776
35858
58527
21258
13961
55899
15822
30189
20834
38811
23345
33511
57275
7496
30075
11509
576
44945
55970
13428
4780
49394
45432
13283
25410
4173
42797
56359
42351
12150
57142
19748
9229
45516
32544
22282
38665
9424
16002
1318
56034
38966
41173
42229
47597
30548
56446
49855
54478
10974
26550
60271
2742
39701
8672
55774
29196
35523
53207
36687
18596
12046
7792
60135
7157
8085
39127
45128
53948
48024
23383
39452
2262
22087
38742
13893
64195
62156
39260
1057
60038
44328
52108
54025
62513
36164
2902
45002
3262
11453
48725
28805
56181
52549
19010
8333
54814
56694
36224
51376
31216
51654
62808
33464
61049
63627
22866
49593
24512
58244
28127
61847
14339
51340
61201
53449
55152
28788
39538
33026
8850
45626
27704
8636
5309
43865
64790
7510
65008
52186
9001
55319
5209
63478
48517
40334
19548
50019
7533
26480
8025
28231
18489
32819
481
53889
3402
59386
1361
33896
12847
25613
26682
20708
7055
23542
32585
64623
57756
63479
2931
41077
48131
23010
39047
55471
28496
31758
10898
2781
7045
27267
9074
11333
8810
10289
23683
10157
21929
43653
49804
65111
44316
8747
18272
58185
46252
60553
37774
24000
26593
19642
15698
33325
8955
48675
15221
63876
13039
57871
34974
47476
44317
29414
16817
8026
3677
19036
54253
12997
16464
37445
46347
40071
62401
2871
17800
53738
31973
5001
16236
63764
46864
64144
29185
48710
10491
40062
36830
26650
3006
63406
27760
54968
49617
48548
32594
57492
39911
60878
2381
16489
13978
38500
25600
24727
16778
38822
4071
54142
8837
22796
56713
29959
58116
7333
41839
45849
50004
62050
58238
5986
48714
57383
45933
63469
48695
4529
53301
42088
30829
29657
4623
6717
4176
51835
28405
64855
26372
10700
47142
34795
3023
64616
5424
19824
13557
34772
25813
43626
26790
5606
11998
12670
33486
799
63885
57902
56898
32136
54290
62149
4555
41094
18409
13042
38701
43381
52884
15517
28802
32535
30778
18563
52682
35875
25610
35656
25758
4042
9535
55100
5745
63136
54449
27012
52719
7501
34876
12988
62022
3012
34991
45152
20729
23405
33834
13532
58601
21477
30870
31025
1192
23255
40020
24253
16292
19998
17763
27747
36978
14315
45642
63435
32049
43112
56540
22735
28755
4627
7035
28746
41245
6628
58364
52078
42799
46561
6019
26891
1769
5985
17389
61307
49174
42569
37925
61404
62769
30655
59214
24318
32330
40711
49804
13388
23476
51543
45182
16858
35715
29739
35143
45696
14178
1220
37361
54986
2103
55669
44337
29329
51055
65505
37768
60192
13403
20101
16111
1877
56145
10288
6883
46858
23966
35398
5931
13190
11043
44791
15410
50781
63885
35303
30611
39296
19185
21927
47996
12453
48797
12388
1698
41056
45059
63500
36305
19932
37567
55035
29565
29533
6569
29821
7543
40411
12489
6802
3847
50130
39993
15763
54436
47670
16150
22374
45150
15715
11580
46417
51851
30111
36291
25553
59914
22502
34545
41273
8454
3142
53234
16128
47048
11211
10544
52070
2924
52138
3147
24247
49625
20012
37647
282
56648
715
32885
31967
18311
63857
14784
14306
17796
35224
29777
12952
13287
57517
62051
56481
36710
9115
61100
17483
34532
13689
7525
51192
8896
17672
25406
24876
54510
39401
5703
63531
13794
47023
32726
88
49418
18445
20192
19061
22895
63672
42502
54353
12266
17667
65514
1044
20476
41514
15868
50389
41794
60339
50654
19596
30596
33845
28760
32294
39336
60978
38573
32021
14955
26859
55197
44041
7989
52005
62943
37058
47479
64211
43130
3502
21097
30423
48356
32415
9465
36621
56360
23431
12556
34252
52989
35583
36119
24038
339
11244
46335
40651
61246
20127
7906
24393
58003
13337
4731
20120
46926
36905
27356
22724
36280
35382
5528
47756
5521
6873
25418
11845
58289
57013
38643
62700
34858
14476
15677
5980
32458
3111
62472
19280
31782
22693
497
15430
49902
43047
26231
61964
57065
54930
1027
17028
21102
3611
57662
29085
24400
12141
48193
426
9430
57373
63381
16814
65100
4731
36657
38964
52896
60378
44235
22764
10213
5728
23954
14048
39023
18565
47781
2115
1841
56766
50981
540
33691
60107
34962
50546
64161
12278
11545
15459
20484
21738
3880
34743
59516
57427
32214
569
3593
28792
37161
21567
33294
49947
3469
14648
33849
26254
57633
65019
51765
42027
58983
1459
25700
49675
19018
6332
13029
42179
46940
32961
9222
40258
53896
54401
51982
3267
23828
37644
5125
48898
34314
2860
47433
4466
12418
56568
16566
12138
13795
49880
7966
60568
13739
779
40505
49820
1696
21062
46749
1880
18197
22148
864
25871
44944
35255
33652
11982
56779
24681
16016
58332
38752
37007
13969
15333
2799
16810
40236
44937
32119
65147
11285
39408
25970
19242
5730
35737
52001
26461
7802
14221
44568
5237
18403
23567
24184
20626
1454
44579
45853
54642
45641
610
51770
24684
29095
45796
27258
9099
7654
53223
30495
65351
5754
41727
50266
47513
41965
23408
5148
10757
41001
37267
9154
64586
35799
515
9624
30159
39616
14192
44119
2404
13323
20870
27735
29293
58216
42869
1778
35602
6629
44754
14269
33811
43150
51827
43791
17916
26688
15387
6109
4087
8202
23536
25764
32533
60346
3366
2971
25149
4520
49842
3958
33000
54664
34741
65006
27234
19685
62129
4343
53193
26493
31433
40650
29670
13004
37799
50830
28622
43186
3946
18051
37718
33948
52325
30615
23939
11900
58867
62665
1882
26685
64557
37428
62921
63390
55255
63517
13048
37170
48459
21752
59672
40716
30584
21918
11030
6427
37019
32333
10368
29661
37070
45131
50361
47367
31372
51097
44901
34645
64912
14785
30273
1616
8197
18103
32549
37084
28847
60218
23687
14376
56266
23808
39514
61400
44596
24617
1717
42145
49370
29558
22996
51619
41026
26556
36271
51678
20457
52288
18289
31735
53127
45926
18281
57113
30154
31449
26273
29095
23057
20230
22008
3970
46309
41072
35046
57042
21153
5890
47511
7161
58804
27192
5330
44524
9678
26178
41133
64283
13604
62906
30733
46044
111
37047
54397
43413
16145
22926
51580
1257
53147
29495
1270
61274
52319
32650
43808
623
19365
3247
50371
38159
26795
5088
17551
48562
40665
23958
59879
56209
14038
7344
16374
51533
55850
11606
63794
6389
3200
14867
24002
52339
19546
46643
52358
13099
4889
55844
60226
60139
52650
19932
60962
60943
38722
19010
18141
34166
8583
63853
48451
21799
20340
21780
3038
7800
39418
62145
34562
51126
52515
24258
55587
23069
43094
5599
1605
33492
41527
13447
56204
17500
4706
21828
24864
29240
27087
14381
49036
51353
49882
21734
25634
62201
59533
12095
40598
10901
25181
10051
44804
53204
5372
22759
3609
19349
144
64996
38161
32509
28475
63753
49293
60660
546
61168
57307
21143
25120
398
40612
12503
1865
26596
5943
17262
60110
44053
25016
11174
17032
60130
36621
63321
58404
39631
49697
46623
41468
34088
30721
26189
62842
64886
7104
14417
26416
9395
7329
8077
50893
44028
47288
34367
46074
29835
16679
63568
24081
12376
42102
50123
1378
38462
46873
56971
22624
20113
3429
21557
3727
44054
45901
54868
44410
64839
16933
12632
22874
35544
8728
54080
21451
9525
14215
13872
45774
18649
40032
26391
1528
59205
37977
38237
13666
33802
43698
26082
60626
15325
56950
13181
4065
20690
48678
19226
49833
55584
43943
52097
59046
36730
26206
63025
58947
60430
17248
60567
17544
54870
57643
47907
245
29969
10642
55590
15168
32069
43729
54045
61000
22615
25106
17106
22771
36848
53738
15096
27412
61233
54995
24383
63196
62895
11662
9462
2470
4305
61965
60921
32044
25278
49058
16852
42687
44072
24184
57672
26103
54122
60774
43548
27750
47956
53842
43325
7026
29967
43141
10692
12035
2137
15098
552
912
21763
1891
36079
42603
51924
15384
43408
36894
57926
48333
7737
7230
18653
2070
44249
63062
12356
35391
48648
10834
15236
46203
4285
54004
39833
61400
8644
13537
6968
29145
24896
17010
35429
3167
58648
50546
6807
14649
34177
22235
64178
16977
60022
61113
14661
31496
35968
18473
39754
50120
37505
52662
28115
54942
10782
40792
610
60893
40881
16932
31474
36688
55036
35455
46761
44029
8972
42553
18060
24136
58009
63779
34303
31578
26306
58449
26708
4370
57534
46767
163
14443
20020
7591
44737
23702
10802
33351
55843
40896
56230
49882
18334
24439
25978
28400
65049
30287
51886
56499
24886
33006
55393
36809
47239
14022
43873
26571
21198
50433
32583
41550
10837
9311
4911
64713
39958
16276
41120
23146
13857
50082
64866
31763
42097
20676
15205
1916
50250
9920
15756
46742
56557
22206
50595
23493
13624
58192
13784
1212
55754
26297
25791
57215
11549
19758
56155
34163
39148
19283
63171
13815
29722
46585
60872
27835
64540
26663
55
26879
2482
55734
10096
56458
11694
19109
11616
43467
37172
59066
32265
42460
26586
14275
62979
22944
1379
49570
43145
30106
50978
2620
42856
1719
36994
64494
11048
16767
18372
59515
59360
39096
6892
25233
27451
53515
19744
7305
31196
55798
47261
46887
10987
9576
28930
60425
2906
30685
13424
23527
59619
37287
61240
55255
36919
62026
33256
33583
57336
62818
47363
19178
45771
5619
9818
25402
43287
62787
42460
23319
40365
61720
24268
50663
51327
10523
25700
45101
12601
46820
19758
61365
57658
37585
4323
34538
46555
17455
63765
45905
30180
35553
58106
15944
51127
8024
35906
64953
42982
3640
53728
58437
49804
32106
11704
36309
7484
46826
24481
58025
59905
40984
59173
53233
23244
39264
2921
702
3117
7044
62492
15573
65186
770
50219
8810
35310
15487
50350
14323
3444
10890
45467
31644
4400
14909
50220
32674
41181
17709
34950
50476
48239
45998
22101
50065
12317
58775
1397
58552
41747
21002
41912
594
38847
43717
6913
56106
1415
50710
52338
8099
48398
28058
55456
19208
662
52544
33515
11260
47640
804
10759
60838
54996
54221
27640
2544
49852
44292
49548
48039
58299
55688
62941
65419
36320
55299
48458
37238
37454
79
9511
11445
63281
54237
20420
8171
41979
63096
3081
28692
41791
1157
39896
31266
3310
60787
43021
13698
12416
7063
19225
15723
20112
17774
50937
22443
18124
27368
49015
11448
65429
41558
187
65478
27006
34555
32764
16216
44291
46443
10967
39123
16806
21560
4239
53892
13247
33035
47483
37699
27755
23165
16348
21460
1917
60730
34686
33312
2404
17817
22918
42711
34783
1301
47458
53987
54250
11528
23609
18051
45782
35487
15750
5201
27569
64476
29718
13448
62743
17828
11290
39330
41654
42252
56654
11490
33977
58766
14116
32333
15812
62976
10790
49221
40739
41939
59180
2471
27596
51315
59926
3044
59184
57737
5760
43665
39841
65070
13679
53123
52168
18123
6422
23000
33824
65396
40381
4605
25796
38299
2611
59801
37662
30845
39731
63069
23394
50463
21679
59711
17424
45209
24156
60740
58133
63225
22650
65003
5620
21623
65310
32377
52237
62114
35900
9961
35318
65076
21227
23885
46601
29823
65396
36277
26485
50366
52154
23526
50324
18907
18867
5885
5477
6192
2067
60246
1436
25005
62250
36139
45004
34540
44478
44532
15528
11248
61898
45938
52281
23905
48880
62853
45793
5085
12963
42724
39730
44128
58606
20870
37919
46325
8115
38006
10084
63505
61361
64670
36680
11910
61958
46887
20199
8466
61614
65322
59485
47899
7076
22384
39084
44708
19672
11951
32307
45941
53891
61158
8525
44221
28455
43188
30043
1027
43622
42929
58961
59934
14071
24592
10095
63498
4485
29192
20127
52816
25644
4154
29964
18205
46698
20599
160
45782
60488
56571
56239
40437
52805
45908
15515
52094
1015
9453
47552
44161
19857
4588
14667
37953
29580
38534
27977
56553
41640
44984
51216
57058
46581
60469
52552
35183
63973
29495
30837
36028
5314
7966
8685
59283
55268
44104
9679
25484
39764
44720
21717
40912
54804
50941
12814
46055
8059
63002
53196
62136
1445
34925
21182
13419
59114
22468
40266
13545
61763
55291
55729
16452
5110
43779
10190
150
27322
53342
62050
58579
17157
43373
7358
15370
21244
18185
12665
13400
53501
19255
14546
58426
19758
9266
57900
34830
58099
24643
26559
65085
6938
13223
51819
60244
10472
54471
17217
28969
14576
32553
12648
57287
18975
50311
36903
24024
14163
47256
64081
45015
45876
49838
42531
12577
8038
58226
42443
9994
53858
47
35668
55978
56273
14645
46587
41312
22720
26156
60894
21135
20362
38595
38444
64815
42139
24432
7203
11801
44728
12471
29237
50912
36516
52730
3008
63941
61216
7837
64453
56704
65383
39639
34385
63528
7962
42289
10976
56034
39801
21344
45909
40607
4532
29677
15811
34428
19019
47880
64433
53665
34694
22757
31285
3376
30924
54822
15465
28469
64896
35899
10740
43289
38444
41702
29693
37838
19966
1502
60313
3255
46091
19526
37125
52534
49567
14640
54761
43713
8269
53211
38769
22588
14613
40533
32506
1479
34969
46410
19536
14788
4747
305
65533
55018
55649
22576
3066
6560
18087
24929
17260
13836
24361
60078
52001
45273
30066
20223
11382
35734
25137
5354
7966
10328
65040
15069
32929
33273
6002
9645
41840
57604
32254
53077
11636
26046
62845
44188
27980
17485
44442
3416
34181
13172
45543
11968
46784
40
12342
54912
25875
56572
19039
50665
40681
1700
15657
20282
61478
1805
22337
12904
57145
1590
18867
31963
27589
40818
62536
34519
42799
27600
28223
16082
56323
5793
61418
25188
39889
12761
28972
37784
2254
3576
2180
36069
28080
52586
19139
59955
10877
64161
28875
34227
10035
4171
47273
9116
44124
2853
9940
61403
60790
31054
60370
60948
48479
22052
54789
32946
48452
220
45006
35077
49024
57322
32213
20163
56357
5654
59710
19830
57099
12415
35599
5527
30037
19921
53452
34811
17719
29498
42980
10998
37293
60670
38331
39978
61475
53429
55075
50112
15273
24244
42209
13099
30063
64008
63724
8044
24059
63415
28588
47719
3668
64064
35104
46505
37620
7015
20290
2288
59532
899
54269
26866
11630
49595
43980
18612
32649
53727
51971
56514
56132
28235
30453
32923
48215
38880
19075
43050
50194
4468
7920
63014
63124
37420
52339
20480
65189
24721
41534
29463
34987
54057
19283
50383
14909
33725
64341
33454
60281
3778
49409
60865
46137
18132
44193
41324
18058
64740
7914
38743
38446
47188
7940
3658
23398
1246
28837
44103
61356
17002
40773
17195
20662
58199
37811
4110
58015
19342
37187
14550
34545
42198
25489
11348
144
5124
16816
16275
6138
33685
41281
12157
8243
64895
9258
46439
