49674
46457
54530
53955
10843
60995
33683
8827
17157
16087
35094
14136
52376
45290
17472
4405
23646
2299
13512
58081
25042
27704
61786
5238
34065
3762
11767
10816
30072
54785
56594
21919
27400
64728
11184
54504
25930
63329
24091
43018
32759
4751
49043
22057
50997
32760
57736
36297
12855
59925
14195
13164
46485
16049
56938
44623
17461
48574
36954
622
34695
57878
45642
7645
5190
52086
31063
63996
10306
6027
9990
57513
48803
25034
37713
33027
20257
25608
22249
57150
5417
65115
50440
9310
12250
30090
60022
32332
56421
56229
17766
14086
40906
4373
23935
35925
52196
22384
26624
44960
19903
62427
61812
48496
47489
11400
3392
57236
26721
7322
55922
52845
2978
30413
53847
46062
51727
64705
894
15041
3310
33964
45907
61773
45577
19179
7620
51221
19810
29784
23582
52783
53816
58246
54023
38964
25535
44012
42947
1376
1213
34935
26513
7819
36867
885
36971
19644
44473
3749
13716
11748
52066
18762
59447
29358
19924
53893
4488
41722
16398
12527
49517
48470
33095
58530
20208
13668
14425
47576
9884
48423
17776
42869
36345
3166
60331
7776
8710
16199
20562
39910
33682
47728
23288
25385
33365
49973
5753
35036
47931
24487
19229
19257
29997
27996
53801
9438
6914
53630
9129
20038
36894
62097
59684
32120
19322
30911
21731
64492
13230
61763
26601
35892
11889
1149
10805
14503
53274
37478
28896
36863
28566
44091
22568
40326
14369
55010
18219
29030
13025
50224
6583
23241
42310
60144
5388
57117
48934
59694
10547
23205
49323
56887
8403
39705
11692
24583
20686
10790
65501
14988
48529
35253
51542
38745
50704
34835
17045
47375
26160
44110
12166
33812
59632
10059
52781
29404
38532
19858
47703
29786
46709
29816
3142
24734
13334
30372
35291
21033
5961
3411
23158
14312
6827
44264
15907
45225
47189
58272
3839
30175
5739
14020
9950
39359
58405
5488
20961
14068
46077
3838
27727
28073
18348
52422
43012
60320
58699
1823
54744
18472
40623
34678
11759
24007
41149
20972
17577
11903
35798
35818
27833
53946
29876
17100
11012
33940
17959
7168
54837
38827
14449
42725
35592
38811
34126
11458
8765
17271
35399
52947
2892
35107
25958
16463
16192
58993
64413
53785
60368
48076
64521
63807
4380
13023
47820
55339
38909
7823
46003
3563
4382
8597
61102
41388
53978
7268
55031
3239
20012
56096
2692
51957
26136
13701
38265
50242
42513
3948
51125
1578
41223
42209
42717
61143
58038
7238
54983
64330
41311
21516
10311
44933
30234
27993
26975
40210
22286
21263
28279
17109
14071
4680
16565
27870
32518
60709
2026
32960
21977
49641
55791
61784
59129
46830
52614
26827
62447
22834
59211
10678
43157
13017
33709
46327
5936
11531
12936
27997
44661
48505
36410
42091
23219
26937
53777
7605
15999
62405
62479
34358
18709
11387
44219
35641
1065
51170
42164
45492
1665
34086
22987
4031
19265
1055
56515
38582
25328
33661
54083
38001
45257
48719
52332
9630
28655
1685
25673
46960
12245
1723
40911
14157
5991
3483
182
25860
18439
30630
54576
39268
46394
62449
41435
12210
99
41050
51981
45862
31453
52827
52005
56996
57879
38425
60421
38298
63235
13914
26336
58399
54911
55605
41506
64130
32715
49426
55777
14137
45761
44865
26616
38660
42222
32524
42176
10249
5538
41437
20601
46965
33499
59180
19288
12231
45055
13790
64119
156
25981
13198
44610
49796
29851
45290
24566
40646
32291
11296
61224
40567
34949
44444
33957
25596
8003
23062
58185
26994
7031
14526
27339
20752
55322
56891
28533
17363
49994
684
29127
19439
44200
10719
49452
7615
57065
25522
40589
16771
16466
10279
51757
39606
35597
64974
51846
57074
3021
48354
24069
25330
32801
22082
18622
21053
35748
30434
35710
36664
10704
14288
46237
56941
50646
59438
37348
6701
41126
22852
60058
25557
37148
3484
3082
57501
16885
8307
64794
30629
6868
4730
4918
7216
43332
32559
19057
8640
35562
18733
36679
54183
53161
59438
64053
64372
59606
45821
47874
43062
9421
64036
27992
8846
4519
5566
43574
47450
7837
55235
39655
18633
7964
11955
47332
19547
50935
22362
62053
31332
43162
36099
41852
57698
25750
7531
34186
41113
61710
6688
48773
59370
13102
20292
22884
35351
42893
33496
49571
4163
10300
59285
31619
39151
7293
8311
29448
20239
35090
35362
45739
34611
57211
64331
32648
37486
6332
4036
15657
7636
25704
55853
65254
3409
52592
13496
52877
16644
38384
59247
5096
41742
65329
32906
33079
61475
21491
49206
41431
37769
9301
30141
59520
50800
30524
45479
47268
22266
37070
5941
43676
18898
20205
37842
63066
16583
18545
5974
4802
2117
56186
53699
22213
53429
62747
16892
25655
6333
17764
19659
30040
62353
35863
12639
37541
15187
27808
61757
60540
30066
58886
5829
49727
37757
46279
47557
7751
21755
42508
19532
13442
16564
64174
44035
35570
19295
2957
32388
61935
19529
24053
930
687
25054
1374
64934
8796
15920
23849
24741
38083
59879
12341
19328
47527
22823
10630
1433
51696
60183
40353
42488
43632
29988
46685
11214
28106
21352
38115
20123
21281
4709
3387
56465
61221
42022
4319
27888
3360
47377
65424
55313
8007
54022
49597
6058
7826
52076
31200
5611
63478
37240
18256
20030
37949
40205
22864
22765
32824
43169
25458
1799
22061
46390
35039
33725
35592
23004
61898
48702
64312
43184
8380
33057
51461
7971
22627
18118
54333
11964
45298
35294
39566
25069
41558
10378
20782
1170
27628
7941
63689
19147
36531
9599
65050
29115
23701
37041
2095
49959
51441
52626
32965
57648
8649
51216
47428
31470
29431
15685
39774
14726
29589
50585
9381
20227
61367
24446
31558
41264
53956
22380
52181
2021
215
27384
15588
54014
19694
18817
53270
20934
45704
63745
18533
25025
64123
46662
53642
19821
10848
13227
3178
27519
62851
44946
10491
42001
30475
45828
3588
21604
34405
22158
48128
22178
14548
12635
39417
8213
46342
14694
49471
28516
1301
4655
8017
3265
35933
48935
1744
16771
57023
30610
41888
61406
25127
14046
22126
28522
25614
52758
6748
12016
60390
49235
43901
42007
33185
33362
23563
52113
65454
28755
10178
46668
20052
41084
16151
5509
36192
56981
42149
11171
19363
21048
65474
16903
25840
52217
24203
38193
12474
43283
60764
53237
17158
21620
30930
28022
9657
47539
56597
18249
25673
40063
61360
40913
3971
44627
51555
37472
15627
3308
9817
20981
17973
24288
36296
29195
23627
27177
27220
21786
14664
65402
9586
47301
46065
14048
26522
8780
3087
59696
36913
39362
38356
62042
28623
32659
30004
51838
32810
17296
4160
24000
32756
56388
38830
31919
59254
64502
51748
64172
33376
57847
37567
16229
41365
45959
17745
6919
59239
57329
22743
63958
32118
47514
46049
5491
56928
37625
46708
5389
48153
24327
7673
21222
40389
37076
47140
16117
46334
32907
5106
61743
11580
30783
24562
37588
64705
45253
8094
5777
20528
10599
15023
64457
5850
50163
64307
28273
19469
39422
41097
23714
46142
31104
58316
21057
46489
36508
31519
64408
56682
46353
23088
19803
35101
65312
1942
8234
58235
17183
29252
53041
62257
36184
1180
53801
11231
36201
3165
21789
25233
13280
52322
29372
733
56582
47824
26652
56594
36847
17722
9497
15779
37574
17289
22685
52765
59918
7260
42745
30909
27662
47642
53657
12422
17596
65536
32558
46241
58028
34448
17188
18606
1548
40000
62550
51311
48951
54109
35230
55559
62595
23073
22112
13869
5082
54857
60754
51949
62280
514
59196
45580
20649
4648
50568
14046
39477
18957
63479
29396
57232
57910
2404
9991
5974
1804
21311
45374
20344
26534
35287
24989
35520
51267
23759
17079
28215
50624
50810
1129
4806
47241
40849
30997
36169
25107
55531
34751
2141
36343
11398
30168
59935
13230
51847
47212
54849
51986
29150
63048
28551
60954
8833
17199
49698
35730
7180
28094
41702
10291
26128
18361
51029
19008
33556
46216
34132
7799
26571
17918
14171
37066
32210
61318
2072
34387
46689
49484
3722
27583
48647
6177
49141
32599
36769
25717
61996
25880
61576
25702
44228
33778
6856
32274
45037
24781
36385
21624
16265
28843
37455
39847
13257
31630
54617
27291
20596
19270
41017
32680
59466
58447
33773
47519
41500
26669
17111
47974
2663
9965
40468
12611
50842
19125
4099
3696
46554
51108
20327
15097
9435
28741
46805
50168
41562
48198
38313
18
23831
15267
43007
7630
37847
41700
54635
40699
31420
63135
7984
6767
30552
31088
12774
59728
37848
10150
42317
35312
63805
58084
62101
658
52271
64555
31320
46256
41674
10511
18788
47731
9940
33782
43845
60528
40663
37458
22200
36095
42938
47430
49739
18831
13599
31260
28348
9000
60404
6628
14702
39147
35298
25231
33783
19385
25337
60959
18892
16054
64394
16751
18366
42595
13015
59817
64267
42563
22492
44883
39908
57049
52505
50001
45431
27715
1751
40986
2121
46111
4814
14271
49010
45383
33264
28414
22927
3919
54024
7205
59152
60872
25483
65137
35699
25632
42150
57991
10175
46891
17224
59155
48551
26804
21432
21770
36400
44635
1223
14053
28255
11936
10625
39120
64576
20520
33493
16592
46879
54066
30864
46237
15954
35800
60062
18646
42884
17304
45675
15745
30477
33102
10270
13398
61091
22894
13136
43955
38205
8849
62097
32508
25918
29639
10596
39460
49890
5457
41017
12362
6991
17011
35098
52341
607
41848
17644
4808
23887
61563
18123
22407
18318
25723
47717
7610
9574
7927
58681
16718
41348
12403
3446
11445
12673
53537
36235
7944
46459
58904
15984
22245
22923
37394
3880
39095
39849
24909
54026
29322
21302
15980
52790
55251
25222
59880
31263
48244
39114
6688
5437
56665
53952
56970
32452
31222
27925
36655
10185
51162
22145
13275
44854
4323
10533
10023
15012
36300
33506
28476
6639
48961
10370
64832
4756
15351
61781
32290
39371
35033
52238
38930
721
48335
25436
28100
9677
48908
25649
25658
48078
41356
23360
61548
17512
10958
59380
45676
4412
46892
61257
2090
5018
4476
22462
48800
61580
991
34374
35977
61259
27997
22925
52266
11054
30372
48183
17414
65118
59596
45822
16105
60855
48369
26015
48376
35982
26970
56139
8377
15065
28565
10989
39408
51930
10766
22755
22643
41256
5612
5368
53036
29615
4236
56706
27904
59827
54636
5802
23065
41699
61470
32828
2719
29721
2182
63024
50074
54135
50611
39655
14844
42089
50274
41043
39924
48127
52612
37263
58179
290
35738
34762
13822
12664
59705
12183
57211
43031
50297
27997
27169
30657
19769
20615
24188
46922
25294
31359
50802
62359
64157
30517
35883
21534
54734
6238
21800
36757
43825
7074
29342
38005
37063
59690
1182
12428
558
43424
13846
10014
37162
34636
33829
9371
26448
9362
9884
5635
10565
42842
52228
19434
51718
7697
36218
7877
57882
37534
56702
55712
47348
59343
51258
15156
33858
23726
18414
18773
31741
5451
26527
52318
63674
37437
49495
6998
12496
22216
5794
58739
20186
28153
42026
11271
50570
64179
42097
1981
55302
5635
37622
57992
6132
11415
38637
13453
50368
21555
27135
25598
23457
57100
20920
20484
63965
64935
24069
15813
63620
4450
4943
9479
44650
10002
24279
53031
14812
6137
50991
27464
58842
24191
17912
60517
34917
17709
12359
7611
9927
38910
63798
2287
26879
32949
23451
2156
51354
61707
20104
55758
12592
23088
61580
16043
39201
23549
12690
565
57830
42949
15709
28577
49385
30631
41869
26139
9363
15936
46232
16502
36962
1614
58902
22130
4597
61202
39142
37719
51576
55859
16346
32810
63954
14062
2044
7622
23863
17344
14082
10373
59884
25475
41558
35726
45219
9796
7536
6118
54802
25216
58586
47324
51640
32340
45819
6124
51779
30585
23420
7482
13911
50729
41066
59544
47574
6406
15006
13201
36456
55071
43170
24291
4755
65460
4954
29534
56446
21712
26417
37787
46571
23879
14986
52442
12413
25820
13985
34252
6440
40912
55474
29916
40535
12425
63473
17875
31008
7888
5946
46718
43588
38650
51590
44148
29597
42389
50287
14744
46740
38270
21346
14115
35309
575
17102
42252
30351
33561
38393
48429
59811
44018
15482
37391
7969
44696
44920
22151
45728
9343
20745
28323
3665
899
9438
19113
51357
18541
46035
20783
24013
42442
64515
28696
22796
30113
18411
43760
8586
9736
44564
27116
56843
48618
61620
22433
5766
27649
64453
57725
26301
35477
55572
46089
20120
54576
39240
3890
61449
19318
62165
62998
34555
30946
33692
9842
38530
57614
6659
43794
44185
44715
38117
47267
46496
55249
62721
27711
42432
65265
59177
16482
19717
15245
23227
59113
57574
40738
63573
48417
21420
20750
12910
17329
19755
12319
17539
59313
38326
56745
21281
40379
56382
48367
38854
24496
8650
3687
15258
49059
57272
4935
43967
15266
19266
28953
58163
13346
9391
40087
12243
38902
36349
8658
36051
49525
60857
41165
40315
23977
18195
14882
4087
6992
4523
46836
26351
9901
60182
36333
17295
23307
50811
37174
27192
55213
16075
13860
20104
34406
44948
32914
31912
11255
51687
24079
20820
56918
14115
40815
18267
8086
25769
41574
32791
49097
48337
73
65079
36280
8031
64014
31418
29064
48555
54043
40967
37976
45708
31512
6385
18542
9061
29510
47047
26930
16408
14546
3948
10780
46340
53420
5889
50600
8522
33732
26658
60911
36257
27650
62472
36183
2911
5327
41902
41056
32319
44117
20729
54912
10381
58686
24646
36844
27952
63708
24649
49382
25736
42151
63858
15142
15920
45945
19430
18764
8684
33918
16363
21723
56797
61663
6976
45878
33814
48318
57178
25245
35018
57624
9330
12443
22528
24816
3206
8277
61375
52953
17838
41600
16901
16798
6562
41575
20251
14563
58899
55531
20816
5362
63277
4867
42757
26115
9140
56744
65499
55787
43788
52583
12240
59078
19910
6836
53292
44212
45212
57243
46998
3273
43112
35185
9788
25139
18261
43158
53965
17935
21147
39158
15417
1199
14779
48992
37745
62864
19402
2382
19004
63680
59119
21921
41494
52465
44035
14604
47066
45707
44734
43933
38668
58017
26439
5874
12398
48780
968
29369
56754
42497
38236
3432
31034
41167
7859
61270
11060
38445
30889
11112
17908
9291
7490
52419
2026
10939
6854
61545
21076
41264
52633
14638
26812
17176
13218
32565
25414
40075
33111
26527
10641
46239
50583
50520
61599
48960
16722
4025
8399
49521
51379
37799
54438
9231
2201
41772
28912
2995
20300
43255
49212
59977
20304
34890
41462
53305
25308
21138
21991
23357
44381
57293
58820
60507
37642
47981
25152
40516
15989
55145
22049
26387
60910
29797
61505
27303
55445
40108
61353
58154
29704
23736
3668
21627
8593
44848
18399
44505
9221
20035
35659
36471
60704
46479
30717
24468
8673
5136
37722
38109
45947
62025
14788
18914
49033
5547
58881
39723
16233
41698
21839
41644
20671
43037
42939
62656
15531
40904
30436
33433
39459
33202
26737
60363
15591
38646
50231
33817
35561
64957
31651
35003
32194
2765
51857
50565
24569
35420
14672
32654
56151
10326
27288
27816
20807
30704
58994
63193
38637
11542
62289
42591
52908
20576
40747
39894
10065
17660
14640
44437
5532
39283
9540
48905
24490
4828
35706
55309
23528
4632
22883
11878
38161
546
3945
28012
37801
37340
46071
4486
38479
29938
12259
41703
30657
33835
46928
50389
9206
4110
64884
34340
45278
20950
38375
39534
39354
10706
31598
2016
27702
25253
18652
38380
58034
17252
20180
55668
51450
10971
56487
56905
11934
46016
524
50271
5862
25765
3940
27598
61292
34170
27663
33570
16547
43841
29529
8597
59421
21429
4068
14043
33905
46799
36099
1894
26710
31236
47576
8371
30171
29639
11522
14195
14774
37280
17095
15534
15385
57504
43877
52560
24860
43279
21214
30757
12140
12727
13724
34399
26187
4096
33502
30014
25177
31749
51750
19107
23107
64305
5153
885
33070
14403
5847
32640
12991
59223
34561
28369
13929
30475
51278
15242
17028
17594
10646
14697
10573
26517
30248
11238
19937
34546
28952
30436
12453
40208
15812
43630
31236
25529
41763
7341
48847
39252
41807
61045
3277
60426
52165
11941
40341
47335
65080
216
14874
40837
1245
22521
1589
62736
29619
50522
19477
60820
59920
64786
31872
9200
875
53846
364
2879
1971
27695
46818
21372
13881
40141
48151
42045
3407
48092
42243
28732
48204
20439
18400
39257
48433
26599
19873
61728
36337
58303
44562
52474
47542
24268
744
46050
23412
44278
37744
54817
55555
1157
17898
12899
32696
23873
44179
61176
41442
2862
44813
15636
1488
24058
329
22840
29542
56773
21825
48115
18172
34426
38146
36267
31242
51982
23125
20514
53033
32541
6950
43547
2463
30659
28443
37124
57409
9419
56690
13312
46235
27610
49694
11142
57261
16834
50708
6933
48645
25505
32517
47443
8013
37936
8867
8149
25472
28541
717
44607
54860
44792
49618
19035
4012
38019
36117
10331
34658
10256
60653
13930
32059
6062
15964
55354
20412
52583
49572
54290
20864
40519
30349
4329
58669
1142
36126
13506
30124
25105
47157
28815
55629
49418
61121
14492
33732
50926
52436
59307
41820
26335
46983
50533
48043
53106
22334
14386
39045
46715
65118
35817
31243
33571
40015
44906
17498
37261
54809
3022
13231
30731
42524
56919
56046
1982
45339
59042
5128
59493
45065
24306
15731
37439
56734
48142
39410
28466
50673
32407
57549
35129
50279
59771
6313
41682
64574
49655
37977
4497
25223
19307
42165
56144
13854
27236
1120
38491
39026
11176
23632
16976
38600
33488
24037
55166
41851
4370
6302
34093
40138
4740
29546
7998
53199
8265
40163
36723
40961
55175
12819
26751
30729
1049
52315
7138
56639
12891
24587
39431
54878
55196
44191
47909
8329
40301
6143
61015
31983
2005
48520
36833
57363
49820
11566
9527
9362
39212
57049
40877
8767
9498
31457
62400
10900
29441
46806
50131
65156
15591
9580
33278
9505
11634
54898
40478
38521
20631
22155
6906
31131
7779
46460
767
39331
538
56671
23321
50026
59112
62340
46441
4793
35373
41665
4092
60838
39447
7119
9606
27146
53331
4173
52802
9788
42115
8030
60228
2746
41902
24960
31862
34740
37348
50988
61742
32540
50402
31982
61765
42279
22014
18880
21261
37940
64098
49108
61604
5759
20933
38321
60226
20047
1117
34266
49361
35400
27682
31121
4256
61358
47533
37177
6731
4016
8072
65332
59795
16174
4437
51813
62550
36161
6716
14988
53084
29060
52206
35661
11678
6342
34976
6914
53462
61562
27947
59669
57592
38368
57951
42009
1658
42064
46824
12383
6539
2837
32486
41836
5673
16199
35322
24831
50287
13330
38088
45183
1020
28057
8245
17977
57180
57300
37240
32255
62789
61223
25824
14927
36361
18620
1716
38237
29572
48662
6360
12195
4301
57742
60278
24617
32388
52984
41790
64283
13991
1243
9140
51379
17757
51846
24225
18392
41079
46369
1133
7688
60099
24758
54347
28436
5056
15224
59128
19319
7446
64020
4970
59451
56724
14005
32949
58762
3030
51592
53368
10145
27049
19253
48617
64112
20780
22258
27459
16011
37004
38081
47066
57186
18318
57877
59622
5289
22339
49426
968
10270
40575
61294
53911
7739
56295
41112
57771
31733
3675
62160
48307
6794
13998
57629
62627
40283
3688
46578
37653
41325
44499
18992
11501
52516
51644
18751
32959
19021
53440
30102
48230
15277
1221
29783
48110
25149
6243
3325
24001
55835
43626
61136
59530
31422
26763
14301
57365
36037
19517
52849
48487
35561
21984
16318
36830
34812
39084
1698
6981
65134
31108
13042
3081
47552
15112
13671
12607
7373
34280
63586
52039
48635
51445
26681
48527
42496
40357
2444
53220
31710
57925
35157
12206
47839
2132
21897
8773
24785
46814
21075
35358
1808
35226
10497
40131
4988
39633
21393
59033
37568
38592
10963
55753
18031
34538
22029
40584
12263
25209
18761
28070
18098
63230
19254
53232
60098
48838
23798
33819
6186
50957
23217
55928
48605
15478
5913
27035
55413
1361
25486
10586
61044
11971
26409
50056
31069
26978
9185
5945
11450
41453
13058
20628
56601
49959
59920
17021
58659
36958
7554
42137
55095
14135
36653
29582
62054
60987
32376
6092
9254
1785
14967
28776
1843
58044
43604
43534
64777
64183
51464
29538
7964
53516
42715
62063
54087
53034
28808
12711
31424
25770
1597
49245
46303
28874
30412
367
3487
11650
49045
44455
34456
64979
27428
45055
56548
3237
40371
6774
1662
12551
20520
60452
17197
53723
51646
61688
15928
10458
37115
38101
28327
32424
54275
37860
52344
21308
13783
48333
37749
33776
25534
33689
59505
19179
47305
15495
14029
5229
53316
3124
19100
459
28379
8061
27431
34535
63
56378
6872
56157
52748
22011
8011
21363
16163
61507
17726
63311
5173
40865
3070
64517
59400
40805
40920
19629
16564
50372
49751
1682
62968
44194
1925
62888
31121
41255
37429
59628
30394
50038
62029
43591
44209
49211
24556
65318
62758
20602
32769
39358
2613
20017
34625
45295
16179
7790
1269
3776
47432
7187
4567
9857
19340
6473
18566
29658
4077
47241
20765
42313
48910
6112
64866
13723
22255
35659
43378
45707
56900
6964
7501
41008
30904
59541
47933
48935
26700
57570
36248
13709
37609
29657
22610
52824
35779
30953
20874
18127
50345
26858
2498
17508
58142
14806
23754
52120
25528
33383
21666
46099
2050
29946
65263
55536
50687
56371
47124
26725
46075
60321
33407
7383
12974
63788
13803
11565
13050
57935
46762
51018
36087
29763
35627
37759
41169
6215
56277
12783
33062
23381
53000
42203
24000
3502
61049
8165
10393
29324
44883
55704
55044
36645
9470
17650
14000
65234
37474
44410
22150
48840
50042
30647
25213
30293
46375
7657
28261
36648
6798
38968
51929
38023
49792
63183
36463
29835
49753
23729
63099
46277
58702
49271
2873
63976
30315
61591
35702
38145
41741
2291
40363
44689
44896
18016
34637
44684
10522
53682
20057
45896
31137
37490
26150
16231
15575
21802
64802
30583
19671
62793
11771
64707
64484
59471
31210
25496
24990
18770
36026
36484
17519
8990
20630
58155
28951
7610
25257
51157
8550
15640
30938
7443
47139
13227
40560
8184
49226
6782
32460
6279
53500
51388
3395
18237
58285
15434
39151
47940
45375
27838
57922
37246
51120
47956
43500
4274
24797
17609
39818
5669
20412
36219
23067
41895
33900
26334
39171
54540
8175
52196
51673
33698
37386
3057
2288
52752
26523
64390
61641
41182
64957
36254
26956
51820
11093
10037
16033
24947
41105
33176
28210
26752
52152
18861
61081
24686
64278
15075
21
50297
14006
10194
42588
20351
34828
20681
10609
30942
45245
28933
48428
54060
21515
36498
39443
48119
11647
23958
46380
31007
28960
20593
34400
455
38823
3640
6555
64012
34946
32550
6020
2781
31946
12513
22081
17406
3681
11126
63320
46168
12472
45679
3642
65448
9259
52975
46968
11132
23124
27203
20711
17832
52393
48987
42940
32018
28859
36554
17708
33774
12224
42017
21498
50528
27111
26501
10118
62522
39916
12116
61317
3940
1255
62710
38083
47153
19047
22725
13857
31749
63530
24041
23314
49955
12701
61955
63205
52380
18519
42551
35088
4593
28512
7416
4069
25495
32039
44743
42823
58720
30117
57530
56238
24757
9976
41113
37172
52043
12986
39395
59911
49445
34746
22393
49890
35610
47247
61249
48252
63781
16748
32789
29729
56524
27674
2196
8841
12175
36940
565
19429
32036
19480
51239
31330
20573
3126
9163
5379
52479
1951
43322
32807
49924
65361
34109
57237
32758
32418
29395
49221
35542
39998
46499
8845
40083
58688
36822
59152
62663
23758
41066
49351
44241
8753
34460
26528
20984
1478
44038
18795
55077
25575
41718
26263
2046
13545
26148
30986
47483
42078
42829
24055
9182
22952
8146
7544
47634
28025
33231
50778
2798
43637
29210
23971
54484
58302
11721
14394
33635
8180
39766
43994
17794
52094
10610
25312
62771
61514
7116
64593
15359
48670
24732
45543
29351
45430
12984
21297
577
63295
47239
36651
33893
52716
793
48516
31544
57346
26002
28530
19411
34260
41663
60814
759
40471
16996
42831
28352
49991
47588
46017
17620
31635
56711
32382
53404
30019
53695
5753
53867
6938
40974
62303
2485
45988
9225
29536
26915
14659
14170
44922
16178
63509
19744
7263
60242
29218
61404
54394
37544
64473
13263
58671
5955
35243
40023
45714
28498
21692
58229
29402
43495
63725
5093
10113
13755
40463
18867
55050
57443
8762
44963
31605
6133
46935
22399
28763
35942
24017
63858
35081
55498
15363
19424
39904
54331
36468
22339
62885
12989
39311
35433
55290
28664
14027
52111
29195
44423
2520
9618
36860
29202
42404
33059
43288
51171
49147
3534
8973
15823
14422
3436
53316
567
28637
38740
61429
17541
19707
45149
31229
24348
20589
26076
60389
30076
21101
55987
49732
41571
23358
13239
41689
9839
1723
64592
47575
13879
43685
60349
62939
36329
47845
18845
20165
42375
13139
1852
47585
47812
43697
24756
28794
30219
41574
37058
62330
62189
48664
60143
58471
32501
3021
4408
20229
55668
14971
38206
35152
45816
12558
10657
16455
18457
58875
23249
60066
64600
54964
37329
7949
26328
31370
55029
24532
46636
27905
8985
42741
39937
48031
2219
21878
23477
13757
23750
25164
56434
53106
22568
41315
18206
48278
61245
45295
14382
36456
60189
49017
33367
5912
27399
13092
29800
8088
7028
64729
46698
57800
3999
38043
62592
16627
51422
26436
4768
54741
60556
29096
2991
33127
54685
46398
5704
8501
8788
29883
43278
24467
36507
17398
61506
46894
63198
22094
42494
22517
700
22364
51272
41402
35336
61496
40069
63025
34873
47074
15315
21227
64689
28221
59957
25572
12279
38926
47896
34888
31059
10822
20488
33464
20430
32809
14145
28252
10785
63475
65509
54916
14968
47317
39322
59102
27261
61608
12526
30392
32252
22944
52970
30171
55566
65454
11
52229
771
45921
57800
6895
35272
3380
63008
43975
39261
33371
44449
25941
28917
27392
4022
61170
10436
28374
12848
62168
24776
28739
36974
43542
2809
15939
62180
59682
47977
38924
45050
44520
7083
49351
19670
47636
39357
35398
63884
4589
56537
13444
41922
6948
27639
38736
62367
12096
47660
30228
61072
63833
30157
37333
9476
34609
44147
53284
56473
25255
2727
41505
39474
1129
29931
10336
22933
35865
25421
47974
54912
10964
44765
1786
20925
45636
2450
35964
2064
54465
5422
26894
61987
56207
29635
32930
13781
33808
7060
46407
2555
49496
5437
9877
16333
53932
36960
55385
50498
9795
15216
56806
820
11683
59420
56488
14038
56309
14697
56609
54954
38418
8373
59032
12022
33251
11109
34757
59887
24946
63347
45848
3796
63762
10963
39591
56381
57106
54393
61119
21865
31106
7936
34111
41087
46886
48878
14195
50132
41177
8605
64459
51420
62431
15368
14371
45375
3190
27429
42783
4715
9908
34587
60336
47312
20213
196
40551
59654
1798
888
33865
63893
34127
62121
28409
62236
44684
47528
24417
21241
30272
11942
41951
42343
29786
52050
37528
23627
42234
13077
11363
52816
33247
45295
57974
17179
60816
5777
56408
38644
31882
11750
31061
11350
26312
45196
30395
3246
25577
40274
53758
61314
60478
43512
36405
37620
62551
24117
63657
39440
7190
38886
24244
13355
62369
64958
63621
14706
31877
60665
40919
28696
49985
18322
23594
57683
29935
24374
10787
41833
7927
32688
50041
22661
25010
40801
60303
64890
30650
44117
45581
49719
22624
33664
9226
36473
43094
36289
14093
17796
6670
4256
34809
16403
5618
13841
42042
55797
18892
15552
31671
52362
55490
13715
14238
39578
42017
1956
11939
64727
18935
47825
4750
45228
43
4589
35537
39709
56554
4219
20295
6222
37564
25158
50674
43240
56637
7959
35292
34274
52064
4461
48699
46777
39331
30187
33039
50111
4608
18212
53037
26939
1538
38202
1240
9790
64067
30842
50887
6902
63387
53544
4145
56982
23711
64485
21962
5665
51493
61273
63286
3659
47780
43406
56945
21980
46695
31507
19111
54103
15176
21701
48520
14020
64214
3163
39799
55974
18803
21619
39483
58854
32512
50831
23479
33898
64999
38716
36227
26062
63598
34197
14169
26254
37797
40958
55334
20439
40009
41107
10592
7087
27637
7745
26889
40511
10595
6855
58507
2366
42677
21048
13357
51583
31652
14640
26896
57249
46522
148
15382
8211
4018
1332
50244
65142
63819
24672
50205
30496
16072
12098
58283
11519
7577
53157
13798
9899
42426
41672
18607
680
28945
12525
60502
15925
62062
19389
33080
46230
5381
4130
30515
47909
9164
48577
9894
53861
50929
32736
55248
16236
15348
10549
18660
13513
51324
6335
8650
39091
36990
1155
63502
9474
25264
3851
7305
32234
14241
20941
23284
159
6652
25574
20124
43913
64052
46217
20663
36965
56402
23069
11412
2521
5545
1198
36827
60631
31780
5206
45898
34702
27957
51592
49036
37601
34268
37403
42708
37624
47003
50720
11820
13236
17859
2068
33734
55013
12997
58779
31710
28468
334
60226
5665
25155
2174
28153
50651
43919
52834
27028
17419
17091
29535
21611
64989
50795
2625
1626
44341
63072
41986
14576
26830
57691
49826
48271
8501
14588
33544
37029
61389
65067
40048
44088
9937
55635
20669
19864
27938
64850
56975
36800
60449
25253
58108
49196
55899
62370
20114
22015
61824
53042
57241
3183
3510
19432
50741
39121
63207
62286
9042
55025
45220
11632
62446
15259
11929
28305
57502
37655
23995
5672
26886
937
45136
65181
23892
39318
12391
46228
63598
7226
58804
44917
54340
10832
45055
53183
25297
52468
17497
37205
14164
12953
17015
64377
22313
51586
24489
31012
27802
4920
16277
40069
11639
63252
48913
26303
58062
41611
22789
59391
58670
30822
21325
54622
44762
30444
47255
1509
20568
60477
19807
33626
25748
27093
19961
61229
29410
28600
26014
39941
1629
35725
4723
7167
56231
21972
12399
60227
12101
4639
55718
21959
57335
13867
36245
40735
4054
30412
51156
47347
51197
55442
11536
30668
26249
9789
61472
24047
48728
7784
9285
39734
38639
31761
43250
35702
37843
53989
36820
486
59451
26201
38197
22457
13612
46021
63534
59121
40436
12173
5104
16245
47914
1801
64940
39774
34390
19512
8490
44336
32255
397
23291
21994
21678
56800
33311
9591
29170
21916
31179
58368
41837
41542
25530
59797
35186
56773
46481
15127
41011
23972
16304
22040
34928
2525
34177
1759
54003
12669
9419
4728
22413
37615
34636
28487
36361
5588
29518
16243
35400
14628
62215
60941
5924
2964
51736
36521
33251
26573
62070
35300
9694
59053
16538
48721
57555
19496
58516
23100
26889
45224
23193
39752
24433
33568
59041
26103
6796
27232
31214
1560
38168
65317
65374
30272
8306
19515
59131
1802
15953
7680
51556
24681
33852
55236
40008
62268
39683
30259
42284
22676
19530
1816
2036
49364
34297
31031
33839
40404
49631
3784
21321
24643
4302
31583
45060
50652
43546
63091
12623
60470
41981
39522
23739
38199
32073
1822
50294
8237
48799
2718
1799
44776
31664
51863
37071
47921
25306
31341
58821
46243
61332
14916
6254
19342
36783
6456
64034
44848
26063
13351
18504
34879
30320
3663
61421
18816
44054
14519
40938
41507
12279
36846
34588
58004
16173
27827
32572
9133
13703
12629
8404
20512
53480
22377
5781
41377
1741
64736
19020
64625
31102
54052
19820
17005
45860
34374
41850
29890
11824
38912
18581
43771
62920
54499
4119
2514
15940
47167
31948
61100
49136
44707
28445
50581
26345
14400
39846
20924
20528
11795
5696
18833
1299
48710
6361
9983
37178
38365
27477
60377
18178
48008
12535
41071
55049
23365
19397
48014
14026
56294
59135
35649
61828
25425
11172
32389
12174
46285
24864
46734
2603
27540
61735
50832
38141
22861
61537
14669
12818
9786
20904
19919
22275
2183
45066
6204
50685
8155
52453
9270
16401
63893
60694
27739
63996
5108
11838
22330
14699
61641
833
53012
30015
6778
25283
54442
9248
33282
25819
60681
21698
14161
63832
96
19145
12778
18194
61613
48788
10146
22762
51635
11550
974
7293
23859
37466
8573
8522
30981
12166
61880
21310
61645
57228
42967
38578
34385
44332
42482
59574
46385
2798
27074
30874
30996
16083
30438
36368
8826
29812
5931
20573
4367
38058
45605
65112
64499
61556
61166
53824
37335
21166
19065
56969
35527
38401
38918
29870
24579
37190
9252
51965
48122
56577
59613
27564
35252
26606
63423
45135
45424
19635
23080
35598
40165
44850
40659
30356
59403
34710
44904
59223
42615
10725
38436
19957
48145
36472
1083
41216
37728
61072
62125
43665
59582
23741
32146
33713
24374
17915
14205
15238
39760
42027
39690
53986
28552
60086
40059
36355
63173
46423
55257
64686
24244
5363
64050
25279
3995
41107
28630
56247
40806
50563
39974
26162
63288
58118
62186
9597
11114
13948
35849
20974
16953
9071
7658
52567
13156
26009
63768
43687
4414
58766
44263
50063
44157
20531
29205
39380
2330
25119
57645
19574
40332
3305
31941
33730
14624
62578
35008
9825
8806
41352
64561
65441
32208
30688
20831
38470
12595
55961
16362
11503
52521
22910
27376
10179
18959
65126
40787
19989
52685
10165
45364
6948
2620
39739
11827
22008
25939
35933
21591
58672
64733
43573
30580
32949
22173
24903
6704
12749
61571
38335
12260
50386
53334
64464
56283
27370
9757
7615
12592
30366
36974
14468
18356
11342
26289
31421
3931
19748
60906
22939
1455
25201
4882
24975
49585
50822
1870
44029
57097
59622
29868
15038
23040
39383
55806
24551
58306
31446
17545
16951
53614
35135
28101
37285
13153
11126
17783
14396
48229
25005
22866
17593
28908
44258
25137
37004
19851
20898
54172
61346
29621
1970
17890
55383
61590
707
20938
60791
4806
50413
60213
35274
13327
58166
19977
20200
50241
13280
10832
55084
38379
54182
29174
46479
59341
4929
55488
58789
54864
31900
36787
18114
19472
11175
62978
6467
21986
58452
10873
48661
59921
62374
42252
5114
62229
40227
37473
8260
17597
65535
1055
40532
45121
9425
17518
60623
57786
41612
59574
35735
60904
34309
58482
49962
25420
47965
16397
41608
14940
3649
22262
41040
19459
1656
30231
19231
7890
15448
22082
7579
56615
9627
51951
23871
41083
56047
55271
15603
1167
54558
29469
42403
60519
57486
35840
25732
14474
32504
33365
30907
3797
63114
20634
999
53967
21527
57465
9827
51748
35146
2542
36420
33056
46023
53064
25394
27807
27711
20033
8493
219
56862
41614
27436
17647
55494
17098
63530
6026
47971
46150
27743
38595
50105
2599
25522
5428
48176
19481
11915
12819
45422
18640
26524
53545
29207
60885
55300
27858
6346
26545
4396
20068
58838
42212
55788
20613
49932
56302
50930
44143
36949
3706
29251
8095
53600
28502
2267
63368
59339
17465
27635
32781
49016
58540
1010
27864
25269
3364
57078
64501
989
29715
56002
50050
21334
55401
6344
30479
17167
18261
607
7329
62872
30132
28225
57147
44171
54116
13434
25686
36314
12290
62582
39098
13708
62101
20536
33594
65493
34616
60085
64816
25717
52081
9568
419
9953
53029
47590
8483
5549
6338
17485
58684
63476
18871
38190
579
6998
33226
42272
32775
21213
55954
8947
1180
25785
19911
65381
10510
20272
45288
15471
38781
47307
39187
32232
7530
53584
47883
61170
38666
53048
63851
61374
64524
21457
63714
40474
13734
41236
48978
25790
28139
25002
7189
41106
64480
64344
59498
54534
42190
39230
21986
13526
63169
37099
44262
4068
866
57655
64161
52559
8105
43865
42923
65341
45378
24411
46044
62654
3933
44514
21615
36554
39967
6590
3599
54906
43619
12909
48071
41422
9560
41770
65353
44144
62987
19525
64815
39637
59501
20331
53684
36597
22916
50212
7087
5544
18882
16490
21035
15529
10540
65314
15020
28420
63089
56352
13873
18473
2789
31583
32684
6181
21166
2552
14180
52377
10771
23293
2721
44966
2438
26266
17053
29459
3940
2713
28141
64896
49648
4706
10949
16625
3428
44247
25933
56166
23275
22978
34510
54469
23342
55777
39254
1883
11994
64766
39943
55190
22364
30138
14773
3633
33887
51232
64683
53985
58183
2786
12852
57820
22904
7261
24890
10993
17227
23400
49407
25319
44854
46657
14298
8341
62788
26555
6539
51055
11347
38819
32710
25186
30433
28489
59857
58431
27327
20584
34778
29971
34516
46332
2922
7934
61473
63004
56085
4570
45414
36900
3321
7037
31196
7896
53691
58642
40931
34606
39369
14517
26038
58198
24401
23518
13871
20146
10556
51740
24566
38345
51339
47631
28068
58059
7127
6458
28840
30655
23888
43087
50173
29720
57991
19026
52464
44952
33839
11428
14818
14162
35832
333
18137
32516
18490
20727
24343
9355
38690
54136
1897
47900
6271
12763
44992
27990
36009
32293
40832
52964
57506
26196
52468
40636
46212
31634
54470
1685
4633
17137
42049
44500
49123
15277
45607
35182
27664
60293
32023
19636
26285
26775
28044
52452
56676
30222
30308
39813
15148
36463
11095
52764
34585
14205
26848
8476
46005
50999
32016
60146
60853
14611
18495
42107
59023
59804
35072
15967
46428
19142
18524
28848
25912
13676
28125
43725
6936
38077
44074
56636
944
35366
64233
36310
57396
21036
61751
22548
60032
50168
20402
21925
45854
12372
50487
60393
1583
4108
63347
42413
8209
45740
31243
37133
60733
59306
30943
33945
12461
39221
57850
53638
42796
26744
20742
40419
50013
32040
8509
58435
20657
23146
58231
55858
14477
31611
47220
21441
18170
33012
18516
9442
34657
21791
29897
45441
22450
51102
26288
26537
18789
17513
28277
27599
4086
37170
60497
28407
12248
35938
37714
35177
1854
42129
48821
38317
29427
64032
61142
38290
8166
20181
14994
50772
23139
24126
51752
38988
15219
13814
52664
13739
47442
59534
50649
12770
45088
25490
19791
2860
47113
61712
13702
52988
35243
27707
43546
55970
45170
10704
19405
23496
62269
61732
1619
38960
58771
49376
50327
50615
32851
45507
27164
60490
51249
20632
25276
13949
5696
58681
21333
54745
40477
1608
36087
28791
60345
21765
20952
61644
44864
13214
51930
58629
54655
31235
2208
25256
26798
55987
58784
30649
35917
2982
28760
46292
31687
59852
10889
62013
4081
6337
8533
43815
14958
11927
49834
5910
31835
45359
35876
9499
36347
61320
5382
28402
54759
1098
52203
23166
27033
22894
7421
45222
60846
22616
46350
48510
47989
59523
47437
10455
10918
12516
41515
48602
55321
61501
13466
12352
29702
15380
35143
53870
11616
58111
3325
59600
15874
42847
5074
26559
51943
16083
58258
12886
27781
56120
44601
59584
17073
20703
50210
26069
9545
25354
3864
61386
60310
51961
55956
28935
15891
55360
17638
27231
28735
27808
24202
47397
61829
2975
11496
3359
9940
18571
7303
41121
655
59529
63972
21060
18627
39059
57726
57844
56781
63215
53503
48450
546
4816
32060
51244
3009
31341
30396
32994
48163
30068
116
11190
38528
11409
55213
19177
62061
11070
39004
8266
21749
29874
61131
15567
2723
43288
28081
7287
8676
32916
15522
29959
35682
57285
26395
35772
59114
41939
57039
6165
61812
63281
47078
40930
15794
14177
21535
34060
20915
25892
55932
3905
57021
23749
29734
12746
16259
30119
50890
51912
23001
11619
16428
60827
43109
12730
47634
59616
35615
41722
677
20980
3958
49294
57504
28792
41087
22970
27672
46602
24221
63836
36879
32745
26265
53648
57471
7315
6785
28277
60124
27208
38425
9890
8126
19986
53262
62940
11326
55944
51510
60853
2788
29296
6547
27321
55074
36114
60410
61410
44179
2615
29415
43722
10607
14312
5618
44426
49627
39374
45163
37145
46978
7054
55897
24260
458
27402
48148
10560
10373
23317
2438
2552
4704
56469
60605
15176
29129
45999
21324
27621
25396
25647
51438
4872
55169
10278
1601
44448
54006
19504
34682
15667
56141
47027
22574
1900
56645
3303
5360
928
44791
44658
22025
52146
12768
60054
59610
9891
22016
60795
8640
47802
60534
22346
54245
46283
32170
30425
23996
54467
45894
53414
61959
61253
47180
26233
6369
35287
16459
776
33873
14039
53704
62544
29998
14529
56033
28220
42306
18970
57313
36391
17798
28675
4509
33426
18676
10210
40794
1674
7350
63281
53425
24933
162
17306
47780
57595
49106
46767
61309
58873
18249
1534
27875
8769
52279
6682
61939
189
36693
60312
59549
59718
39781
60366
28638
14595
13871
9670
2584
3352
46435
33196
61956
37194
46277
29555
60377
48771
15156
51962
36785
23869
7211
34450
47290
25238
27904
13499
17080
4298
50118
52055
40645
11207
39564
98
52420
26319
43593
24572
11819
4092
11247
44396
45678
56288
42595
21726
13601
21239
57348
43868
59950
56147
58503
54457
45860
64258
65061
37760
5593
60940
54472
30838
64549
601
38690
55250
54504
34707
58165
49177
37294
6062
20272
26906
55784
12170
16409
43338
365
39708
49216
4203
58162
40795
16486
18832
49301
1800
54450
12378
46991
8006
36243
55976
60536
11349
28743
18840
21657
17968
61610
36335
21816
30434
56449
33801
43058
28765
41824
37196
6492
32647
17393
14870
17939
53636
59956
21687
47855
42096
35091
34692
42801
6114
26598
56664
63899
54851
57006
49714
47004
47745
52083
10168
53199
56821
5601
40101
39829
39749
49100
19691
57480
54370
18291
3925
37385
55745
14940
56664
16460
32144
25714
48822
28081
27934
38808
11618
8776
22796
60446
63656
22568
27023
31564
62646
46932
19730
64657
8499
27088
5009
64004
52855
1689
41671
12688
41938
2181
48332
28474
29379
29991
17185
25869
3303
5415
42282
61929
62479
10833
36102
13694
56850
33076
49028
64592
12068
28807
57925
34593
24467
11961
33069
41955
60534
28240
58542
4951
36533
33126
49642
59286
64050
44439
44397
27118
33599
13041
8234
53430
61510
43835
47350
37683
16744
30753
59707
40591
14379
34938
56834
41485
61337
19191
17708
61500
24824
58369
39359
25104
54551
28279
39587
25820
63860
1347
24830
41030
18492
38413
28181
1102
22988
19507
38970
29147
38324
39948
14262
36256
8028
6439
13677
34169
34014
13698
22468
6486
53019
43260
13086
60920
24171
55045
63959
64862
61239
6276
49292
49550
62679
43557
39840
8131
11097
22058
17183
15623
59751
11434
23003
12957
28609
30957
47397
24178
51509
27237
19734
31310
24393
9615
56642
54198
31020
14140
60354
27778
64405
36633
23880
63135
60332
55742
43394
9687
49314
14671
31977
35058
25586
32305
56310
47925
64159
16846
671
607
9116
44402
24476
38932
49026
54427
59347
36877
24305
43842
64010
28826
24642
23661
27748
40704
37737
42706
50814
18070
59105
7318
18898
12457
41891
46706
30839
52249
34951
11674
12564
35917
6052
20359
5352
34843
52190
40565
59744
18146
21560
54835
22230
7125
14661
29424
58034
55490
51066
1821
18789
60481
51271
36002
46471
19663
9682
13119
31678
24054
48694
58036
47272
25321
37547
52980
52147
29190
32914
45125
5259
52841
31438
47618
47085
28954
60410
24111
22280
21256
4488
12950
37876
19559
33249
41621
57999
58804
58089
38471
53476
23531
2373
2669
2129
38490
10848
5209
38371
7208
56621
8449
2848
12753
34854
52575
65383
57383
35572
45022
24201
49773
26640
29029
58426
5224
3213
16030
45705
4810
31325
12316
57053
59886
34215
59596
44021
20711
46816
54458
53510
49236
41481
25673
32807
25259
43160
60560
58223
1715
42947
4103
4667
56747
47624
1662
43137
39803
23642
51219
10272
27870
7475
63304
29549
19803
54651
45247
58993
41295
16375
64443
2125
24833
53398
55665
41856
26409
16499
48430
42326
25530
25424
30861
2977
300
54366
6894
46480
22322
31963
47996
17525
30444
18027
55736
10296
60038
22271
33838
24863
60372
42213
61720
47851
44044
3181
51386
41881
65502
23127
39909
21937
32861
49216
46771
58125
62746
3266
13147
15192
478
19749
20126
8266
41557
15778
1310
10563
24935
62711
53415
51193
32847
18543
11772
5183
15302
51805
32135
5323
29597
19284
22466
47517
1390
59381
4536
22130
54147
52916
9749
47964
14211
60606
49820
321
19878
36331
21213
17255
16401
3470
50544
2421
60016
7468
7165
47840
45198
60152
49162
1919
48322
33589
49859
64698
34783
52132
34919
46706
49837
27155
11628
38341
53165
9387
57702
31802
8687
17371
56854
32407
6148
39028
37377
59885
13440
16571
20448
8290
64223
61643
61643
16879
32643
28009
50159
33422
64766
36988
20091
40560
23734
8553
11817
35006
54579
40310
40808
30808
59310
15955
45324
992
4263
10402
3608
21545
8599
43720
4237
18614
19321
20642
19106
47676
21575
20026
19458
41952
32103
52594
33598
7038
39570
16047
20522
20266
31266
53556
19138
51984
959
29102
30487
7210
49873
42265
56737
40717
8850
54635
62420
59690
56476
50413
24561
20184
22812
35750
46320
45613
20946
56869
25967
60523
42575
31009
22576
2548
17172
28218
233
19200
55812
20036
11575
21474
24537
37348
10051
59159
44266
27532
32682
57975
60794
60641
29527
7989
56209
36032
49735
56818
31409
35098
36485
63307
57283
45957
48620
40419
1466
34623
20232
15256
63435
49923
25483
36439
40769
55690
3971
13625
51192
32937
47353
20123
6581
30582
2774
37951
46502
65186
18186
34643
14429
13194
55556
16886
42381
19636
62158
11227
2653
58425
43900
21136
39670
65485
62454
19321
26344
61844
7171
23268
40499
50349
37936
63575
57824
25432
46500
17248
48218
18682
35013
8196
35137
5327
11202
62748
28842
1695
10388
25861
40300
18281
1245
46132
25486
58886
13534
29700
23
25005
51495
17353
57155
25613
58933
9401
51286
55207
35936
24298
27162
24009
23776
34714
36106
52948
17632
12089
25908
10429
9395
40481
54593
10733
45416
47343
3701
9625
9789
2827
41452
59403
50889
21513
15328
7979
30062
52449
18152
35933
5888
31964
38846
41929
45207
25309
54083
40972
6752
43882
9139
7645
14193
50924
29401
51332
8636
44533
30599
36143
40408
4460
118
60424
62740
48469
34539
61875
51601
59367
13722
42934
17101
53753
59524
58511
54749
18401
19413
13608
59720
275
30864
40613
36948
2815
36080
32304
57134
37932
44509
48483
19474
25400
9817
48238
22924
34442
5180
64600
4934
23219
47834
42930
3710
54701
56608
11656
15413
30705
10130
56151
25663
6407
23690
40731
61976
61176
36755
65333
27469
21843
12523
14795
37365
1430
17501
35809
20905
25044
22850
48452
17334
65470
7735
60467
19941
48713
37461
15002
11961
19598
30573
26281
60596
30278
59245
45814
23225
42391
35167
30427
21414
19248
56742
10728
13936
19155
57697
5104
59040
6365
4616
8386
58332
14985
64720
60256
26718
31140
45339
56148
35301
38873
48993
43143
39808
58501
51698
53270
53264
44608
13860
56756
6343
49553
34436
57379
28100
20409
26523
58915
35900
20408
46249
48746
58541
33680
45461
31486
4992
2824
20414
63575
59156
36484
18602
16781
17706
9860
3451
2042
22187
2818
17406
22503
28957
24583
22483
22972
65385
44120
61925
60844
10071
3376
24321
9371
43917
32197
59862
62489
26367
19988
30353
27111
7064
51013
8774
15030
45854
15988
59576
13948
30152
9776
23034
40307
33914
792
33777
35210
60043
51173
49407
3976
20865
61253
17480
39599
40038
47941
36897
46453
453
5144
16306
12683
47064
13896
44101
21285
16218
58941
13689
45883
28363
6383
26766
20450
42797
22550
42215
32191
33477
48559
58793
2079
15436
12783
38531
21093
37670
54215
44732
6898
2720
33724
7152
47805
45653
20991
53465
63478
14103
44476
15337
1392
46120
62867
30305
4694
10353
35816
41695
6082
27449
51162
20816
38178
8979
27645
7199
52733
8900
45023
32323
3023
22681
45377
5571
54797
54861
36398
20290
42213
46517
23338
10505
62852
50552
6741
28602
25598
22827
38578
35701
19019
47868
7935
57174
9189
28410
22077
56902
23238
846
63909
23460
57339
55972
51273
11387
244
10894
34504
20820
14613
26374
63516
18126
16561
46992
1526
7392
52108
5964
56657
23812
38709
64416
46031
26039
37690
1417
33734
36502
13262
17666
1886
3513
48101
41074
27917
17874
53154
30503
34479
9911
46269
35911
50018
34197
48914
54902
50026
20039
9506
30833
56934
53691
49739
34862
18959
20668
10771
143
55548
42461
22486
22902
19064
382
19340
6048
58005
1228
24915
16651
32988
46287
37454
62736
9657
41031
16676
1552
15330
23489
48828
31675
16020
39896
21138
12752
46647
712
23713
47493
7500
7016
22015
8364
56211
20308
28682
9640
49703
43461
41596
576
59364
53206
46753
61531
31335
49952
19090
24435
41627
22936
43760
20775
53587
16160
44202
42013
13466
57914
11887
31624
13693
6180
55648
10344
59257
7294
5809
42139
64034
28349
1067
24813
42493
60169
49786
54944
3558
29768
24209
59380
10018
47528
13890
36678
29331
12700
17182
51931
47599
45343
6648
17191
23271
2263
43769
9717
33192
57390
42662
12904
13545
22833
24399
45517
30559
36829
47805
26052
36007
3975
35070
17913
3031
63010
63861
9511
26643
3165
45781
45402
6618
13584
49051
35994
25407
15341
49704
37468
57427
48144
59780
55070
13497
44074
9159
40100
16187
59436
39350
65515
50319
16340
38642
55290
12459
17615
11775
58747
27551
50077
9961
55547
37503
30386
40326
2889
188
11946
62547
16789
4335
45507
36230
18147
493
17339
13041
34897
37610
50855
46193
36541
26258
8501
6058
35238
13489
41947
35872
63085
54797
28486
50920
4505
26434
58783
15805
56942
1891
36597
8442
4741
21066
36051
58734
18393
30788
7619
7736
47408
40606
32661
35798
36229
11238
4814
48170
59617
32582
12452
15500
43966
1053
42394
21807
33146
2201
47872
61619
26168
36676
52652
9471
27742
44097
12258
16171
8945
25983
20508
5800
64038
50019
29011
20690
44965
47850
38566
64379
56968
65054
52726
43466
34718
47118
11718
31082
48068
54670
30998
43278
43666
13700
63672
4909
54368
65253
56758
59198
17094
31062
33162
15621
35312
18897
56822
22043
43864
41732
35682
40552
35475
60542
19767
37494
57153
1226
33817
52613
33926
41013
42122
65456
6421
63138
23146
41795
60805
21825
26771
7526
29065
222
59597
33515
23352
23255
32881
45496
41988
40517
36232
53332
53980
55452
26479
35799
417
64005
4011
19902
5585
46065
19455
48553
39136
30988
42995
39001
54959
47118
551
22834
56317
35402
11009
40033
17098
2856
49387
50189
44246
46731
13179
3654
44542
478
9705
3408
52335
20917
2287
58380
32841
13361
19742
64937
49253
65198
848
53211
9166
35810
34199
60762
10463
36838
3986
43790
25810
64706
28145
17043
30450
59152
46318
14065
14209
62591
53055
59209
19385
59840
42444
29555
5123
42085
13091
43911
48091
57573
37946
38580
28324
49850
60200
27179
50933
28980
30892
18342
24964
33729
44126
43999
11753
48796
13991
28846
48269
42117
7148
1776
13233
59310
40714
788
50639
62159
32680
28164
36367
27304
5652
10436
40219
31705
19186
37304
29514
20435
34331
59002
23347
16041
17695
42404
5557
22338
21195
12420
46577
36594
51016
57412
25703
31499
44310
23509
37015
34724
37751
2064
47194
38112
29795
59497
64661
30877
52594
60801
13534
58546
1965
10288
15368
3835
3550
53507
6919
47803
9507
24305
18785
61859
16536
38829
35374
13406
3935
32090
11803
27060
724
25663
44029
19988
39517
23892
60966
18394
10166
60445
39388
54747
39869
64603
29437
28771
5043
17512
65227
49756
50179
1883
31727
63296
61152
14364
16562
6106
17913
5050
62784
26270
23565
90
63359
64094
3727
40150
27946
33626
16867
40891
10765
22551
23183
58815
47545
11422
13483
36910
29554
12912
27245
14221
23136
30874
16713
7186
18598
19195
27279
56705
27900
61942
15197
1026
6016
57552
58244
55242
60775
64797
57658
41814
12099
38378
14297
47978
54279
24447
65117
58176
32807
525
25041
16146
11373
7308
30913
10256
25435
55741
38566
15900
20151
39334
55580
52187
37438
5177
20377
29462
36244
12042
20177
40122
54722
59715
37449
29417
56620
56715
13046
55684
346
53744
28897
2569
45483
61556
23101
61290
47282
54544
16667
15433
9204
47869
27964
53064
80
39906
7955
50677
13482
52630
49960
48409
15537
44286
53548
22303
44284
35609
6004
4000
16655
40043
28322
41835
54802
41673
2582
64620
63102
36809
5854
59781
63923
52413
40610
1187
41008
44668
37387
27713
51896
59755
41881
28297
28683
33121
29788
26246
13165
37282
27397
62209
53118
25382
31059
61721
65030
41423
56857
32534
13821
12223
11606
35016
30956
45593
35398
19782
61237
54853
57036
38385
17924
27113
50606
1099
13578
37478
28362
63671
28643
9135
16304
20944
50371
27583
13152
33482
52739
64
23476
7154
21344
26374
2873
49665
19632
20624
32559
8447
35587
24426
59514
7228
9319
11269
7878
3964
63498
26957
56938
5530
53641
51434
39829
30129
1907
54362
57966
59837
54695
56013
53716
9047
3973
51638
50484
61981
14203
4764
22530
11238
45786
25050
12884
12310
51745
55772
64534
21193
27918
62498
18415
24600
18508
23345
29867
33754
57901
59183
35742
13503
41983
41645
8280
30302
21242
51573
37093
43879
19718
46382
8558
7343
339
7020
28601
10832
55485
18804
52655
59882
19626
57557
46313
7264
59136
32899
12520
41558
13621
19326
45053
29156
18938
66
11896
21308
31950
5420
10485
36902
28695
39130
42291
2188
2408
26641
63517
17374
26290
28689
12710
21679
13797
12127
50968
19875
32406
54400
8858
38616
6525
35351
17360
34591
60635
34978
42730
62102
36807
62620
57164
41386
13362
55084
44321
44462
62535
46289
19810
41884
11030
18559
9971
9106
32641
22836
43873
27184
20971
3634
32008
24522
48032
51291
61913
1425
22836
51426
61020
29148
39238
39094
12001
15149
18017
46356
27461
51774
51158
719
62959
50848
25246
6120
41808
13068
26315
29012
19268
53176
22095
63447
12001
43597
64862
62535
42172
34266
28229
15272
3422
63687
24651
25524
63235
20871
24105
15144
17954
36842
45843
35889
7999
17707
9458
26183
42
54735
13775
53950
19827
47571
49486
52034
3850
32875
13326
9167
40253
32540
60005
48107
7962
5801
41513
53446
5576
38430
17972
27651
60779
36953
4685
22724
27608
32325
19218
44856
8616
62455
64645
26712
65124
9348
64565
30691
27341
43677
49166
29605
3324
61298
46187
22475
14211
13447
26579
4009
29189
64712
17918
1568
25060
26182
21258
54600
24247
61653
20275
65394
61247
5341
56015
32134
9773
28162
7517
10968
1046
57662
6044
58216
34811
46244
36869
24456
26260
32192
17200
38775
32914
33195
19505
37697
32153
3844
62878
22207
59879
5022
53321
17370
20154
37227
13339
45883
30361
12648
20911
21566
22176
44371
21487
39513
24677
58375
12795
22794
32392
28841
59983
60935
27644
6958
51569
13583
47838
28324
25378
25287
45170
5026
60068
3426
6457
63510
36116
42393
49263
2907
26960
63577
27138
19698
35424
3378
45452
12934
52698
47717
49787
27522
57986
1878
51259
19918
9629
27351
15955
37836
10827
21742
30718
28163
19558
16898
42129
39547
1246
35601
2096
51980
23933
56663
62815
49653
35046
42152
15297
41641
21953
17308
55764
54528
37840
40700
49984
62611
56704
13658
31084
23145
46555
3334
2234
56130
31607
7297
53354
41367
62367
19634
6615
12354
51411
33160
49154
21848
7241
41786
34070
6964
57923
28037
57999
50664
64536
7193
30307
8009
51800
57003
40032
26340
31558
64993
58997
22356
327
56200
46842
32529
33871
45006
46455
55837
57109
21392
43365
57543
56549
15121
48194
689
8784
23981
62386
56315
16365
50443
60250
20199
14535
2297
38329
58700
1016
62306
54471
2332
37586
4415
24980
46664
34550
28318
28900
23856
12359
49670
39646
7520
49732
22205
57302
12715
47458
40863
49248
52619
44620
46606
65218
50390
54665
21270
56182
16481
41806
33726
40364
47283
60391
12356
9967
37475
60991
3450
59575
4662
6827
47211
62988
59813
9320
44221
11912
44293
223
63350
56013
17465
56089
17825
34533
8186
40689
19631
36940
41585
42868
58951
22309
42138
33983
29146
60846
32986
56691
61242
36961
46485
42346
35523
52362
12684
64434
36291
33362
41938
42689
42885
17069
35831
53687
8168
15392
12997
2588
45253
6099
23778
1407
42420
65053
15708
42946
20945
8073
14328
50763
64931
11128
49723
28378
54924
35001
25370
18753
18543
34933
16162
10547
20490
22937
16077
16736
13505
19529
39991
50740
65256
60147
25389
58307
54109
64752
55197
44130
12867
3424
17347
52522
24618
44900
33749
13314
34468
64208
16317
12057
16833
25728
50981
9502
38881
10018
25770
56193
9548
5511
4433
34707
8445
54681
33408
45028
16394
42311
19557
16809
46365
51688
32021
19757
35833
4341
17082
20869
8767
38281
4336
38463
58632
14888
21258
44649
31487
47919
14833
21559
12220
1900
6006
35930
30065
18779
13969
34020
64021
6058
31443
39381
4454
10941
11455
10605
35437
7537
3171
36274
16305
26032
15980
31225
20085
58593
26959
39480
57844
1240
58774
35212
64437
22641
57918
39179
62507
3959
12428
4506
2079
44524
31629
43257
22180
62288
49380
39795
16047
44563
33484
43714
25644
4603
53081
37042
58899
64586
13541
24054
38656
50980
10726
52267
8890
18823
51411
21760
20877
23159
25459
17385
5208
32148
61737
12460
11591
40218
15458
60615
54338
54597
24991
52841
34462
21571
45904
29249
2046
40685
6340
6899
43392
25285
7285
11395
28821
36551
33085
14358
12918
63108
62154
18794
16345
59086
15210
17738
3073
15141
37707
41191
7488
41364
43815
62801
57282
61698
18204
16324
22072
16236
31382
45031
4812
13393
54607
26211
55947
62291
15671
26979
9572
49431
44791
27665
37370
2990
7984
12106
39092
13641
18913
19806
6656
15218
7148
13801
10134
51455
29544
64292
1741
47588
16080
64203
44927
29796
18988
53402
49931
56851
39577
56730
25469
42077
11516
57391
46559
54777
64764
12132
26397
59045
61008
29506
54520
19182
63347
23038
4135
30551
32216
48461
16664
44246
33530
35366
59025
8337
19666
63783
7416
52067
12422
22429
28365
30625
19396
26482
7604
32663
60255
29208
19057
41429
26956
57867
41287
59638
16483
10266
36267
61713
61041
56909
4283
50355
39412
20780
7674
20536
22568
12387
64142
23031
796
64383
1436
13781
61776
2271
63799
11291
46330
32725
52220
24241
63341
10304
12166
13894
581
55602
39731
5009
39153
54888
15907
18922
19760
41302
62567
7726
5448
18952
45848
59073
31673
3452
63994
8042
10015
3420
57563
50900
13436
62628
9630
48285
29844
30967
10015
62653
576
34925
26695
48346
15097
65228
63001
3322
22485
37643
53385
54843
13412
1621
19289
44941
29542
6854
21542
19458
29845
27316
50590
35199
4140
6248
35953
32111
17163
18657
6916
4093
20821
1748
4079
13401
20343
47783
10648
9562
22203
4374
17931
52905
61349
54683
18200
9874
61803
26889
62249
55334
40228
26029
9975
3057
48671
27753
59709
15511
42246
18906
51005
16033
12156
10652
44603
28344
4034
17260
19127
13379
56165
12086
58343
6229
44356
24641
50856
4533
26446
490
17526
9211
6240
58167
14133
19259
60489
63582
53137
34389
13483
52986
13691
40248
20551
2291
47121
3993
1946
29705
61851
15303
49606
60508
36752
8734
37613
27323
32785
15067
42184
2387
61124
44351
57446
49974
9572
46545
11757
23538
15322
47580
35312
31328
43424
37777
37425
50686
42028
52592
13614
17240
17709
63018
14571
55356
15185
40968
35974
23882
53160
42404
58399
8429
35513
16300
38659
47480
42818
37350
2610
38696
28439
21066
39486
46912
10889
36947
9885
12669
64326
27991
9925
3579
32006
9240
12849
21036
11597
7499
56285
35822
25326
8999
52565
28621
36022
817
39738
55881
42396
44070
28861
23227
15953
11140
48570
20188
9199
46550
32593
25780
20433
63325
43103
62927
60326
1447
56518
34218
60722
5478
12130
23536
7515
58950
24956
63364
29706
2106
42831
26651
52050
62058
8169
34312
37677
43185
38548
6365
4898
17551
47089
58731
46062
21134
12609
57907
34499
54957
2878
49119
24571
6754
29713
57221
37048
15661
48272
6374
33928
35257
53027
23887
49345
17212
58172
17061
2337
5049
61475
64195
46825
33036
16010
57682
46820
41086
12432
8284
53665
53033
41644
63673
54397
8883
18270
33188
46258
34191
19817
19103
32
40538
5930
45598
17025
63881
6577
3356
13111
23026
10049
49866
56401
64363
10853
8063
57175
43324
41578
47156
41229
51704
28422
59588
30951
17103
51280
33478
1640
2301
13364
8774
6978
58872
52542
36194
58994
32687
53521
50562
7195
33
30937
44147
48484
56786
52562
12999
19926
21489
23686
46547
53411
47120
48449
6665
20244
38527
13990
6133
51676
27764
17613
32383
48538
53124
34021
45520
47593
25998
11423
26816
42615
64677
20271
60589
25874
41451
58744
64085
29917
38993
21553
14348
17826
22539
55294
61607
39531
29602
20346
47858
57745
29397
26756
19158
59366
33398
50428
7665
53773
416
45882
46609
59840
22937
38245
40642
21735
54734
24467
3006
10330
18080
58513
49424
43289
35129
33859
27150
39452
18218
17560
57197
1880
44147
35815
56018
25477
36895
19732
5822
19312
26768
43364
18915
18439
57512
14330
28564
20812
1517
25520
11590
48856
17163
10802
44459
51876
41051
37593
11417
52201
61772
62724
19477
56801
34985
23069
33255
36689
53957
50265
58147
24537
53806
21240
34748
45803
9669
35819
28346
36803
1695
56144
60973
48505
56569
11835
24757
4489
57429
55758
43625
50090
12747
4043
59305
38108
11414
63148
12257
28945
18869
35420
45569
38564
45293
22306
22854
25861
55295
43573
24344
15349
35969
52055
23390
3238
59316
23760
56920
27232
32574
57154
32184
43962
59293
54944
56059
20209
54044
42602
63918
27086
26259
35491
6521
58368
16370
40004
49058
11232
42316
3343
32305
32622
58460
52311
52463
15190
29378
63748
20738
24443
36668
1020
36592
30173
31118
1408
1273
26552
52957
6077
39613
55271
49828
59335
53075
52687
56601
14417
16842
34948
49253
4557
38865
10499
20470
59987
64096
20162
242
15332
32896
15637
35832
32450
63085
3293
40762
16463
59794
60829
12290
3068
10472
1921
14039
30524
36250
40839
62689
15272
46511
57004
22493
59333
60436
26555
10691
44144
10297
35123
6688
53331
28763
42699
10430
32238
58915
34355
36968
18018
27847
50833
57690
22247
29154
28749
1565
50961
54258
9358
55640
51154
21458
46303
44645
38997
3500
40914
29080
32859
61248
13085
45952
30951
13992
17466
28449
4049
14842
47957
31978
61520
34898
40623
36036
62807
22742
62999
31661
1203
23905
29244
64013
6395
16207
40222
61881
55375
40044
1726
34117
7849
12298
25623
26426
34025
442
47671
46568
9907
9731
56859
65342
41709
64890
3169
56247
62028
51665
62866
19528
20339
1593
42639
53301
30668
10322
14549
32583
32481
11259
43843
47881
10568
4363
6607
47172
49322
31183
46476
53346
27508
8679
274
41762
41530
36155
26380
21389
60045
27387
14692
31395
6613
15801
49294
23310
24611
40276
5898
43231
50800
38747
35724
2259
24838
36720
56174
35124
15554
60017
48661
7868
35703
9496
32876
26752
25700
31511
51293
30934
47358
26252
25951
55553
5722
27374
15344
19743
55923
6885
54532
13373
21434
62081
21533
6714
41326
58890
8692
4348
18404
30157
33305
46544
10580
43619
46940
25780
62594
40247
42638
6126
54755
18364
63401
850
17333
55406
4154
1931
48111
61121
1969
16006
58240
32610
11297
12467
27023
7505
18474
30472
55416
58597
16996
30964
36598
1803
17334
15936
60576
29373
24855
51904
37738
53036
50560
35385
12343
53065
25645
42714
55732
12851
50965
24554
23422
35686
1675
22491
9191
8547
16835
34738
59386
30933
502
38421
15062
22189
28101
47873
61284
48184
6311
6149
49829
8601
11485
33802
55570
59192
19413
12076
15952
63713
54758
63410
41968
33404
13904
8661
25575
6254
9109
6837
65166
2033
43676
11714
30046
54687
28504
30638
62362
44555
62556
18926
34203
6838
9088
39792
41398
64785
25706
53860
9704
47212
63168
18925
24710
17002
61935
35571
10598
2650
52222
25288
44569
58807
29113
30585
9430
11813
54366
35744
39778
38074
20235
12852
8959
25632
40992
61915
37355
3532
60056
30733
21012
21352
25792
6422
61231
57370
20569
1
38183
5137
1725
15446
41461
23570
9641
28995
8442
28614
39573
54309
8041
51048
7518
12006
65229
57551
51829
30976
52336
9721
946
45988
54978
64809
48552
22386
25871
63635
17560
18307
1698
25220
52310
57504
59505
50318
11159
454
62827
41487
24830
16729
38799
24311
5554
16429
37219
1905
58115
56097
18082
19264
29372
9949
10932
32711
13122
64569
64039
20330
26299
52040
40520
17541
59132
20299
54733
22292
12797
9602
30802
51728
60899
54298
60322
44893
36776
48546
32471
47499
13183
33600
27734
33322
22094
47533
27931
47008
15674
49392
61334
63467
59261
53291
13796
4058
23839
19504
1527
14797
63692
62853
43294
21683
16791
30661
38372
38296
24625
4131
9082
35941
50073
9101
42757
41220
50238
61653
52806
4852
39295
59677
62853
13318
57710
22327
62236
60431
130
8264
33545
44126
63248
62881
43292
21785
32097
5414
5498
60827
2466
13334
56071
42263
27548
49654
63464
37674
52408
12512
28831
48775
24400
45387
16607
49458
23908
53120
32143
18976
36879
22912
3496
46033
23573
55463
46954
26224
1957
33908
21882
19976
30484
20862
59766
16253
47727
49143
15476
7517
40967
60903
38364
60082
49928
10798
41723
26642
65115
50338
25708
65285
4091
19006
15131
53776
56270
24299
11085
39488
32905
18340
32579
26822
7296
56495
38742
1161
51308
21033
11116
64167
53100
61147
58744
42132
4
54618
36332
21219
32369
58956
59162
5918
18635
21872
49899
8161
34557
2593
8379
43623
28617
24617
8070
36910
53765
12009
5199
5015
42645
48025
58425
2396
52726
24366
42948
65317
49272
12000
31965
44922
5028
21145
9020
29341
13713
47806
45710
62916
12887
35363
1914
28264
24979
41080
29080
21475
16446
4466
47643
7225
50162
16645
54640
48432
54133
43260
59794
8251
39065
17578
25981
11414
33989
31475
28792
44418
7477
46848
3086
50430
9773
46389
29429
41481
38792
29945
46011
48634
40736
57809
5448
31535
12204
23059
19285
61835
28955
27781
62949
46456
24135
16488
9715
29965
47201
41590
49618
1261
57813
48213
25976
18590
39649
4182
8704
36592
35614
38938
27824
14419
9447
34264
11971
13887
40302
40607
27593
61480
16348
51841
44953
43305
36261
54214
8274
25679
13302
46196
33258
47913
40458
55502
2016
56087
3912
44774
5296
52869
63916
8364
11804
38528
3912
15448
540
34124
50596
7901
62342
37087
9717
3872
32901
26740
11217
33668
15233
11615
28900
1846
49349
35796
34133
11587
37570
38435
60897
21009
43524
13538
15665
50575
22478
14579
58854
18537
35925
45830
8205
5145
63463
27727
45485
45946
22143
55071
24287
47779
45829
40079
46275
20537
11937
26906
48246
64351
5221
49546
16543
1378
35454
47394
22424
24308
31136
40319
29664
60499
27625
62350
23395
6102
15882
43155
31404
27424
46540
51736
62336
33111
19537
61284
1818
41405
18913
19841
33590
58855
34595
35563
24069
60162
18973
25054
58163
46198
43165
58839
7202
41380
7075
56298
48234
14347
46007
47485
22352
64789
2744
11001
34578
14591
59783
40614
18829
20306
36700
7075
26459
27745
41980
22592
32832
55564
2095
21805
6111
30472
33525
17899
57605
36354
18566
28052
32566
38132
6671
10067
13397
8274
19475
46630
43415
1634
61179
59061
3403
11763
15970
42881
24019
37062
38022
52905
60257
4985
58602
21576
46027
52172
57688
19892
26309
48410
39796
35404
36274
52800
22477
57065
56488
61390
40590
11180
4635
44283
54548
7214
41146
20593
15965
27525
65049
26093
15244
16483
56690
4918
14020
22826
5658
37761
1386
23178
30688
38725
367
50761
32146
25286
9728
61813
29196
10920
32618
20992
13067
52859
20589
19631
54026
23884
48711
57632
8463
28459
59567
7723
26576
21476
13099
27091
45357
52636
59047
5387
1998
62802
21974
35847
40461
62839
57617
14306
18640
21238
24290
65457
57753
50511
47958
26143
22379
26063
64387
12320
44984
28497
61014
54968
337
51098
29530
8704
23166
27674
13368
9945
13358
18285
61086
27102
20414
43364
39725
