16969
2207
8343
14059
34726
59426
13834
39625
38931
52097
63685
45455
57009
32057
2524
949
53019
37984
32196
7103
49831
4245
46747
36938
20146
11734
46649
32068
42253
4259
15455
2773
41577
20245
62487
48171
15927
64030
27765
18649
11503
13401
45684
21556
2285
13098
5832
13482
45148
908
39688
59464
52067
7644
60871
8183
53244
13363
18773
30259
34367
24485
11032
49261
6268
17759
4295
38499
18793
491
15418
11681
57144
23335
64186
56062
34270
43480
57910
16175
4598
24300
27757
45100
15515
51590
57473
49657
26069
7936
54434
1870
46032
33272
28500
57019
13220
25989
33727
48558
34066
17814
38137
9402
14262
4006
13822
5652
58253
26668
17701
63586
44645
51180
44788
2277
42932
43148
27582
3379
6310
18996
63955
40675
9417
50503
2698
36649
4026
5235
38822
55811
28308
973
42192
31239
61452
19494
58583
60368
29172
42155
32925
59839
14073
14912
6903
45512
17036
16818
49722
51935
40556
18618
48302
45047
57071
42592
31617
22216
56549
40314
40294
25612
49417
39098
2653
46976
56013
12975
27692
22417
22517
40153
23343
6650
52699
56447
41597
5944
33559
3597
16384
63741
61596
17080
49542
44878
40392
59768
23402
59119
39386
58814
34391
55371
14058
33572
62669
5250
27014
48122
56373
57197
4138
7014
36878
56144
25090
64868
26244
39459
33563
34651
1175
42795
6869
56437
30080
450
21213
24806
40383
52683
1766
46780
40148
25841
18936
7441
11269
39129
43191
16001
16670
54230
58567
23185
38909
31065
34878
53329
59055
41202
40836
18023
22731
7850
50284
9836
28356
32640
29982
60581
46672
47022
8267
59007
23855
210
20390
26554
43525
20302
46240
22270
54036
731
28132
4556
19357
25928
2672
3892
46562
28814
13312
33851
43485
39135
6376
29194
2859
18258
21237
17500
41126
10253
195
51682
55533
360
331
60309
8154
50022
17305
51038
55913
25329
17083
54152
49572
29607
46291
59433
40911
35141
42854
45318
6002
19406
45348
56935
2074
11982
61899
34449
65212
4065
158
51548
20013
51611
40188
2967
44604
47037
53333
26020
48100
46542
51498
64188
16103
37525
52618
48586
5215
17348
60126
10567
29081
55583
39745
53057
59128
18759
41282
18471
3944
23205
3504
33424
7304
32411
43293
792
26277
3444
19344
29940
62398
15595
4830
38853
48222
36676
27929
53092
17583
36952
25360
38024
56914
20122
29945
60534
48985
43179
11561
63898
9188
33151
55287
41638
15744
55201
41415
7199
16198
43697
3188
39991
37593
9185
407
29278
42187
56320
20417
44740
39401
1992
5908
51553
53071
35572
11198
62319
6061
15838
33701
49580
47646
44363
562
1302
62406
43379
11901
27182
55649
43251
29891
18901
39745
61622
55930
53265
10240
49208
6808
34421
30802
37130
26244
47012
490
60512
41793
47443
63912
48220
5641
22403
32153
7996
32445
13671
49500
16607
21929
11115
31525
65273
59381
16518
6667
18670
42666
35259
58903
26086
33471
59302
49168
62609
20189
62060
10792
54486
15028
6499
34032
12890
53126
39826
39024
48678
29662
494
63057
31019
60401
53036
14408
23182
12534
18130
33227
9974
53513
54562
17060
831
21469
21661
62417
2207
40518
58261
41976
61786
50004
36689
63496
11048
50413
51410
20940
6161
16560
48229
1686
55461
25923
37047
32830
38108
53960
27448
37663
37453
5407
25568
50181
60615
50762
52567
821
37956
27982
26093
21465
21544
54128
64364
45954
51504
18662
57123
36860
24540
46954
63492
29751
58012
25913
32832
49965
18107
6630
1277
7767
3481
9148
28861
4430
61833
9280
62004
34430
56804
16352
61097
6443
1626
18949
60392
25582
30310
68
267
62513
45256
20122
29585
62893
22836
55258
14753
44690
59091
54948
61886
25637
36266
678
21261
29806
50756
43270
10229
28132
50468
21106
65382
1779
41851
41884
47780
936
37106
35647
36093
1515
8084
6222
49785
61272
1129
53989
53791
46490
29168
62353
53116
21339
57501
52395
62676
10160
46917
3888
14368
11516
64905
40749
1208
19408
45627
51428
29164
20487
21781
11969
21876
51302
55024
58250
48547
43217
64740
56909
33421
9430
42550
25882
9047
17620
60215
32244
5568
41952
42451
50970
25318
55172
40552
11618
32084
21952
10292
6985
32154
49889
18371
39346
4161
42990
48034
58542
48345
32875
1009
44171
25984
48788
36903
57057
58114
33288
7208
23479
54106
35001
19934
2885
19148
2886
20805
62196
59214
64852
25473
56249
36638
15380
61024
50945
64440
46691
36937
19045
16553
61851
49474
64431
42022
476
55996
619
59877
14926
27728
12905
61357
7933
18223
47592
7139
23945
43216
4020
45527
57118
1066
6047
28791
30930
22109
53628
27383
4510
63972
13880
29800
24135
57829
6747
17443
852
27073
29918
53195
32800
249
59009
65153
48134
46663
32989
48124
53438
12687
5324
43603
28401
57394
23037
23340
12966
2856
28642
25288
49213
57042
7467
55711
24088
39011
45117
55704
58501
60906
43487
17879
52720
35871
47394
48937
40378
33564
3042
40197
482
13823
44722
29503
17199
32274
32719
25119
60777
44651
41235
21430
62707
63411
25993
58285
59465
61233
13368
30227
35726
34100
13185
23518
56636
16464
2472
19393
27277
50482
26791
32612
53711
27381
43867
6070
35400
56489
50653
56775
43331
54599
36974
25214
45714
59153
25859
10070
45271
19250
58441
22465
14681
55248
21552
57514
38313
47735
44203
63270
21708
44785
5757
15029
9636
50838
60141
18439
37241
18289
37781
43687
8414
47311
24409
52498
16268
1969
50388
52029
62833
16605
39563
2112
35639
32357
23229
9887
40334
48303
14231
29121
43138
38182
3718
50953
59169
32940
41665
10645
37168
24212
17765
13633
18221
26434
41601
61707
37908
15582
38
42195
38207
27568
42891
49728
42412
4842
28849
6216
47825
41024
7889
18175
51038
38926
41352
42733
48677
51231
43715
1572
55475
39757
5241
44369
43780
15514
24090
58656
27693
30091
2676
36030
61474
36342
9824
49531
40125
36513
61286
19675
53287
24070
29022
24820
22531
43224
32083
30044
6900
1622
39723
24901
49968
52487
37429
38457
41314
57081
8324
52491
27019
6944
17891
40992
50641
42027
15339
54607
4539
30008
42099
57605
49457
34359
16244
41691
50571
19545
47341
54298
50888
3880
59689
6166
19104
42133
19475
40058
17586
30195
5871
24207
61959
22085
15490
44797
57631
48118
36534
7942
45075
27098
11265
45854
35378
62223
30644
6880
43330
38724
9512
51454
49204
43580
51766
44375
56338
41949
15090
22254
31349
4544
44685
14831
21886
62617
33893
53102
13618
14862
26181
37907
27183
22052
19491
15716
11559
11565
36058
41665
28931
22824
29883
29820
38304
31980
42616
1029
25050
3496
30906
55675
51341
15713
53779
14006
6674
28784
28132
27242
43521
50813
52395
50531
44630
27549
60543
44186
37759
37493
55254
12527
40302
33271
42193
32925
39729
7857
57080
53817
4243
47773
9836
49586
62250
257
54339
43551
4297
34315
33590
47858
40097
27518
11835
2401
63241
50148
60647
9639
33527
57654
33880
34753
39279
53883
56285
39275
45115
41626
53394
3655
59439
32338
31398
10456
41155
63168
4023
40870
12524
6113
27072
64641
291
22728
29606
57469
22358
13803
38240
55609
48168
24344
36379
9916
8754
40605
2924
6281
40861
21191
40348
65409
33112
44587
45419
30445
32688
4246
57326
1970
8953
49828
46206
19669
19500
49479
62329
51116
30896
37807
28814
23928
56133
36192
33916
35404
40757
54196
26977
48427
4449
36312
51008
56847
6022
40360
35470
11669
25818
48920
52030
61006
58693
25577
42063
7260
6810
21102
9343
58651
42090
38754
61513
34521
60454
58707
54322
41611
9778
24260
44665
53060
18021
58858
43007
35457
25447
26032
31918
28413
48496
29483
41625
46948
56459
35875
22135
14962
35345
26328
5138
58076
55626
18647
21954
53413
55432
9740
29563
14727
62941
22351
52778
37392
1390
790
57482
20886
21651
19421
1128
6404
36593
62288
25725
60291
5253
64368
48960
28306
25502
8587
60761
6804
11642
30827
7167
10879
62500
61375
18950
41655
54722
51227
44057
27814
39320
23781
49825
22515
46725
4367
35973
44885
49679
7924
30961
1082
1701
29172
28351
15055
8787
40745
62128
6324
4857
40792
13180
54522
47081
27946
44153
8951
40908
43119
22031
8028
41398
31311
33957
39644
61703
22060
6142
41192
14203
20047
9157
36586
16012
56176
18375
11450
41208
24915
30346
60773
45778
29699
6152
48717
49514
16975
20580
49239
10724
14843
16922
9459
42590
16514
35403
62405
50195
53730
11491
19013
37459
3889
7837
21146
47603
325
26076
28967
2885
36943
43380
360
61426
2842
31521
52976
58427
63300
11812
54328
63881
37393
58386
27691
61224
11436
33055
50289
62800
27701
16746
14689
35100
43476
29644
22697
15563
48260
3237
38547
30898
9344
27722
37841
3686
14605
1935
35355
44656
40914
56129
52776
18929
3666
3769
34899
4132
34806
60665
53361
36290
42263
57879
39285
38895
60372
21770
10539
649
36719
34500
25605
16191
3206
33127
8332
2569
34872
38556
3848
52083
40350
21373
62130
20618
55913
40753
49136
7242
46789
56903
41771
53056
46763
15214
37063
54449
24222
30416
14540
17421
37942
7470
64215
25337
35763
42928
31139
57330
42152
43469
38713
46207
24318
50789
16847
52853
14839
21312
59087
33958
3344
35253
12283
52898
5602
13878
35346
30653
35503
6827
36601
22402
32977
61443
17670
27023
56126
6775
37572
54468
65051
2957
14625
23087
33271
36406
19231
6712
47924
28000
61295
5706
30265
38559
46783
25518
9163
45868
53987
9961
64842
42657
3481
16776
65042
40363
38258
48097
8437
47764
7357
29463
7519
33827
32895
49479
36961
63808
43000
29319
60926
4788
64227
32298
63585
45447
51376
5494
30005
9926
26935
62872
61849
15280
60030
52724
10164
57259
52733
54953
12619
7339
40521
38998
41127
44776
20433
11846
23604
55759
57906
49297
44329
4141
10236
25318
50734
46656
2934
17202
24896
65247
44597
17796
37852
13712
24590
64783
60012
13556
14110
38790
5308
59856
8649
55842
3398
23264
14219
4115
59485
57263
29480
18990
53026
2442
12769
39635
47213
25911
34832
14280
23995
2913
48335
39990
47525
56876
8522
55716
4415
29774
24636
5526
10553
44136
48053
59162
35816
46746
49677
52206
15852
18575
10586
39848
25038
2041
48461
5496
16358
51855
35539
12335
32455
14400
12201
52685
3636
9620
4589
50731
25632
10638
42360
49148
45166
44124
63362
21985
59282
52117
37692
8310
42790
16008
25309
52729
10270
21144
56081
47378
65124
30920
33046
44082
44879
10985
20441
25109
34603
19913
56844
2484
39925
7175
34087
56020
11546
21372
40838
10717
29560
1463
64081
20460
9157
21827
59878
50132
57259
25232
55462
29001
59768
58536
26619
1632
60460
59838
42949
38493
27245
32964
2427
8643
39439
56407
61855
13104
15943
9570
25775
21070
53377
22676
8268
28599
50889
3766
49409
17580
52012
23448
34836
30344
5464
16695
27153
7222
51956
8251
64423
54488
32195
8574
32919
49529
39034
28048
56892
62971
3031
64320
43323
64899
31814
60186
21929
46564
12035
21299
63846
60508
770
18274
52791
33483
43742
33885
25356
21128
48359
64996
50684
9436
44326
4519
24256
14342
11755
44292
47502
39721
33345
35720
8904
20559
27544
30227
24686
29357
54032
43705
53585
63599
61303
36637
41517
30170
26751
7364
34180
52815
59072
61087
64135
56961
41711
2634
49490
24303
31962
28091
58658
44933
23144
44224
21035
38918
48662
54820
13190
19481
42698
12210
9047
53211
58553
62775
43656
63273
46362
46246
65045
20527
51036
7522
37290
32926
18490
9852
4430
13667
43590
6076
20381
16016
59793
38280
12972
56337
10909
41208
5147
54853
23546
50374
7175
35227
43392
37567
552
3736
54555
34585
50657
2222
57220
54928
23245
32815
62366
54260
56534
41111
6600
23021
27978
18394
30470
42858
50400
46665
23997
34520
16958
4127
33159
55312
4431
56797
23859
39223
54548
6896
20955
15694
23564
62670
47790
44
46343
34340
6806
34445
27438
40618
64971
34690
2259
56675
10142
14373
36938
27997
14745
16419
1485
35823
59352
1898
30372
354
8998
31335
60543
14749
9873
57578
19446
3242
11386
3157
36346
14515
44623
22705
16929
63413
43362
2440
52726
61365
7812
63333
9080
54826
10028
64276
47974
63305
8968
15205
8749
31687
40006
21890
15420
44925
38785
12544
43441
1043
54716
55925
21080
45299
58088
27204
1292
38922
58139
26848
42215
14260
1257
26973
51925
21911
799
47753
20608
57419
4707
53012
12730
45700
59096
28327
44426
53725
42338
50480
52421
51036
29773
48280
27601
38502
8958
13338
30820
36581
61496
28727
37472
21307
20202
26431
55360
43521
63173
62812
63428
18517
65110
48703
52694
37702
64371
1241
37681
16235
35321
48862
64064
54687
50082
63770
3528
19145
60629
35158
57814
867
43215
59469
62567
19559
14501
8887
27295
26672
10795
9458
28545
46017
9182
21875
19202
50674
58169
13274
49196
18865
62793
53386
5348
38207
20231
53976
19728
7969
13700
33060
10810
36229
46641
54125
60639
16737
25984
52013
6756
31159
27830
63961
63020
31621
60068
46806
7156
59129
58090
23884
985
25332
63389
25001
9021
15027
47310
6503
1604
13936
14733
50414
42077
30421
31915
8828
8503
14719
11788
7699
3514
43287
35843
7764
33710
15319
34194
784
6095
31425
6096
7949
61322
65267
47838
14744
16002
21007
19440
59624
2848
27887
2479
15943
34026
35914
42756
8119
32793
27709
2081
45973
43128
50574
4390
44019
49672
10780
2992
24400
15022
53002
40551
1076
45891
60530
53788
56512
7842
32904
4091
62630
25010
46661
54063
34463
40485
10574
51289
14413
62432
60041
44556
2939
50334
50333
46513
61180
230
17175
52992
34435
60376
29488
7734
38920
49737
61977
59800
24763
50991
54944
20974
57337
58051
20450
11440
31081
15741
45068
54456
16789
49170
21150
30223
33692
48587
8054
29456
12844
12900
32216
10145
39420
7865
47135
53440
63915
17788
45748
40782
10472
5771
18571
59023
19129
18324
35974
28651
41412
14843
36009
31383
9094
65328
20920
15767
138
52630
56605
49439
23049
27803
64731
65524
5696
35597
22275
10421
49930
12049
58223
9813
42666
22341
30011
64224
21756
40349
34844
8908
4333
27424
43612
58104
36771
56025
14566
17347
8331
40954
22467
52490
28544
33010
22504
27725
49804
26317
8387
30777
54353
9992
26369
46393
33869
511
26100
23432
54611
16448
26378
42799
37875
35431
9339
15907
9473
47884
22560
40630
960
55091
14417
38327
48647
36030
45102
28021
16126
35901
8779
10726
15013
11816
25099
28525
43763
40419
35194
56948
60549
34821
60999
31273
22355
64390
5268
49417
33477
17579
17633
60399
15388
12860
48833
61024
45375
1405
3927
14919
43959
38894
13587
40981
9974
34220
14967
14044
25582
35589
55488
44187
45803
940
25218
26582
26246
11858
24196
778
13289
2447
776
62543
40452
46370
44249
924
36386
5772
30427
52954
42158
58469
51582
55841
25723
13118
4637
27074
17161
11425
41661
4211
50313
20057
19248
36803
57478
51905
23083
60684
55113
53753
57336
13306
19136
4828
36516
15697
4501
42860
19565
44053
28019
59287
65507
53433
18611
23222
49788
22574
17937
65021
27984
11608
58761
32234
58807
24826
21585
31560
12025
57694
12880
47671
58890
3869
40324
21919
14139
34746
31458
7430
54068
25032
61462
41935
57210
21984
24252
53412
40650
60795
29087
29332
39655
36685
47554
27960
33206
19554
51561
21344
59281
62689
41780
51140
48667
25617
21894
10774
16942
28152
44377
48773
33447
58527
572
10462
38232
44205
61756
24439
10995
28080
45399
49351
42911
34571
24137
310
47706
40253
52528
25703
35717
60992
52152
33645
57913
6619
39271
32191
8168
12573
37277
59391
34516
35542
32580
39451
51340
45013
32229
23311
34897
27116
19739
4259
14234
13722
54894
8086
17404
26190
35373
51369
32857
33951
43336
44740
14648
7853
24304
41096
40229
62300
32534
47396
54027
37386
2994
4155
28552
35735
11397
4001
63820
45978
42854
32552
39355
35733
19436
27218
38972
63664
49203
31864
5839
15657
59137
64104
1587
16070
20357
12309
11637
11830
35591
56106
27051
24309
22428
64559
22540
12958
6949
27616
19289
466
51235
20278
20545
26460
42728
15860
27399
52562
56335
7669
62007
27089
21974
60170
50252
34906
33168
40281
59226
10922
3127
6837
43830
5112
10706
53841
53741
18084
27361
8970
44015
44481
25032
2156
54637
57782
27877
54308
45056
36022
14830
55558
4249
27755
13934
45806
27362
2898
34207
57818
51514
61642
18931
10355
57228
34812
24849
65523
5357
60607
17789
15934
5705
40370
2278
39701
33894
20411
33535
60718
11296
20176
25503
44323
58568
39955
55815
12625
3438
36435
4182
62418
26487
37190
42144
11164
36890
50435
17937
60706
4403
10136
59217
51011
52954
63012
42569
17604
46126
48580
13665
1607
5148
51790
16664
56430
34388
41417
29361
26360
7
148
37560
19035
64335
2628
11209
10320
18496
54769
58099
58528
22892
48198
32544
58788
38013
31086
41057
24630
64101
40269
16751
7748
48280
37937
23551
53533
54603
9607
10302
19066
61907
56692
8223
48599
3087
31699
162
21068
46337
38744
38409
59004
3415
64287
24351
37675
3645
15586
47940
34443
48680
44055
40188
45200
19068
44578
44616
62293
60002
2456
39207
40708
38216
9129
12508
5849
10363
9388
40358
30461
60517
28949
39519
41369
7144
55035
35776
55329
56343
58295
23147
8427
65124
35075
41610
16509
5468
44559
15197
23130
8031
39164
31960
9172
14500
22178
53966
56312
32151
36194
3497
56414
27700
12283
16674
53188
48981
6025
55313
46423
6240
60579
15649
29866
7055
10345
43280
36975
24179
14939
17020
18652
27874
13052
58552
19895
46592
63973
43628
57526
3587
49894
52717
42141
53367
49223
51216
50553
28801
2170
62943
9411
858
26956
43579
1696
12540
58929
61087
51024
4982
51993
54539
42997
14453
32426
50211
33022
52766
9245
36286
52521
63869
63696
31969
48694
16657
65400
6796
24227
33907
9828
32797
21437
25897
60995
32947
61564
13586
29101
7757
65008
28499
52172
10219
23911
62599
46581
36655
56590
57579
13370
43264
31572
57253
50428
46316
24401
39402
49149
10681
56973
38398
54176
14570
1696
59616
48547
36861
24320
36085
48526
53919
61840
44155
37302
17026
1835
40348
59060
62745
13020
54120
4288
20998
43745
11865
47173
43125
64568
49542
22241
785
10188
13911
48493
51123
1152
51620
11991
39685
57558
48551
2889
5457
2999
21580
41485
49146
31059
3456
28323
62128
17120
26130
21917
49157
24767
16968
18814
64036
20733
42660
51573
44058
60504
39669
51311
30655
9264
17497
36643
56589
17518
12519
20514
55718
44905
24579
44301
5927
1631
41971
61296
20298
65089
58553
6574
43635
1874
38879
9026
14822
47118
58978
28468
19504
21836
8980
36546
43454
10101
40173
13853
20571
37356
53847
40651
11490
19722
5086
63866
31047
46367
43060
33347
2831
39415
12916
29381
64317
59686
11750
4677
31323
13568
3031
15987
35156
56256
64585
59518
3592
36469
29144
4430
50910
12151
52846
4670
12137
38320
32401
864
49978
18081
48353
14766
51193
18132
11957
47678
31165
5016
59766
20103
21403
55275
34998
47093
28223
63575
49929
58642
35470
25011
45758
55069
27296
14423
33964
20730
8338
40014
9015
43719
26668
21163
29404
1783
7787
18633
45028
62803
8472
52505
20391
57222
54132
46335
58795
52561
47847
42956
32104
10254
9552
16178
21390
59477
13051
29928
61054
42936
46095
31957
35539
11339
11893
45219
9290
56691
52277
9596
7538
42541
56819
14240
43995
5811
50366
45891
39860
19879
5712
57922
59379
20713
59300
53183
45569
37141
16226
40709
26124
23594
46903
2601
31818
1547
50260
42702
57615
10491
52136
26905
23665
45157
27070
8752
35350
26311
11567
4259
31724
50700
61350
28595
54964
10640
25703
56119
54893
59669
23560
62732
47742
3159
20661
46740
12499
58308
43238
27901
42157
1528
39701
43013
4339
61166
826
29063
18614
55166
35625
38050
59348
13447
63585
29104
10517
37710
20944
3502
8346
64802
60580
40524
22645
3588
26556
20035
28631
40699
28879
54488
49920
20493
18239
7471
34663
38938
4615
30055
36295
54484
43382
35326
7295
3609
22278
44870
24563
39152
6755
58037
10595
12341
59899
20931
25423
47637
41590
11144
11686
50447
21747
40582
43284
20307
38424
48270
42414
29334
47483
11198
2930
48471
13491
36935
25664
1502
20443
21750
38125
26214
24877
27089
49885
16112
48125
11612
41343
2665
50263
19372
37613
36390
31666
27206
61062
65078
45558
15431
47329
38600
38792
65414
48804
36300
24119
12365
18044
37930
19243
42998
64184
35280
20600
57372
47691
26437
38893
7499
20996
59357
18144
22171
45220
43840
20871
9201
38396
49656
57376
54363
54095
35586
14542
8660
25220
27678
52302
18987
34645
2685
10897
30808
57500
54058
2022
2376
29711
65266
63811
36505
887
30720
59436
4136
49533
32732
1699
16186
59620
38770
31372
6604
26474
45522
48030
38314
28873
15427
63728
680
50694
29856
26248
11209
29977
7663
23092
37886
22315
3981
65215
17085
52807
9202
61668
10852
54168
42846
27479
38946
136
8648
26436
5796
64373
13205
26890
28846
40313
8842
62526
48227
19330
58157
18986
59456
62532
43437
18624
62354
65146
6101
61321
24333
50244
56833
27642
10423
26876
26808
23649
1899
27959
52473
38277
52971
51290
24903
28832
19579
29433
40700
32300
19489
37256
2088
41344
14327
64845
45526
1920
23282
49981
50848
46045
60389
16409
31632
20122
25545
13743
51211
4668
36428
39289
51184
40941
54476
35468
42750
64958
17324
12936
44327
45780
20687
64062
2959
25202
14068
39450
53028
15093
5862
36911
11875
9424
22420
28622
38274
25979
22850
54033
22286
18676
14573
41797
46809
11592
49509
40384
50801
17769
8569
61705
9081
56189
48215
40153
33454
35070
3910
47135
50596
36777
11592
49663
34887
25423
45592
61861
10020
44940
55959
13560
43884
25471
34220
12112
8117
54051
2333
54166
34147
54616
10993
30850
48653
13086
4227
43521
16914
23944
21991
36044
35399
14766
7575
51635
339
34117
16108
54263
45960
47717
39015
18926
24240
62113
16934
5576
41817
25445
13252
44991
56849
24221
61807
30417
17814
20741
53479
63214
38675
52116
27456
18304
12915
57640
45155
9029
34612
18758
35972
37420
26148
6365
22625
13414
14043
40463
41959
26500
59295
6514
52149
42892
4240
13257
727
54557
56760
31267
55162
28755
30517
48703
60678
31206
63490
59908
22662
1079
25726
25046
24731
24311
55092
31726
57743
9942
56900
15418
52605
27478
27090
13734
46855
39777
3609
22928
6439
5081
2283
62750
22726
9379
34706
42759
38102
37881
1820
2503
19439
63078
27547
21290
39432
9405
55910
37532
908
5014
52777
53441
47411
28606
57624
5352
24635
61595
32560
59337
63526
11728
10171
35343
15611
3482
58461
31244
64781
46639
31010
35397
45105
44292
17774
30734
27862
10837
496
8679
22147
15196
8904
2979
51135
14804
17936
51500
58243
7977
48973
39954
29200
22216
44631
57128
41983
52515
39172
44834
38192
57199
19240
33897
30546
183
394
7184
27118
58769
56003
53134
19048
12322
25945
10790
33957
64180
46454
49224
13015
63005
17635
53728
44202
37822
27381
26157
12770
57788
11967
29474
21874
44538
49703
19602
49839
47391
22844
58892
42060
42122
55964
4410
649
58603
14093
55057
6367
7824
30400
43573
9412
61233
9912
24891
59118
6223
14359
28902
63702
13261
6130
44841
13892
319
64889
49186
19944
33198
16057
29476
58616
35745
7627
27705
3424
753
26789
15069
67
47877
7607
48860
63818
7975
57590
15910
46305
17157
20160
35063
31933
3710
32222
61136
49371
2420
36768
64646
33410
2776
58179
43504
20649
41129
34446
1963
50782
42925
21991
11946
37286
29732
39607
19439
32388
46765
54165
61168
64095
28156
45247
61326
52286
51399
63044
32301
31775
9007
47790
15693
32259
58024
41626
6016
14876
61424
29444
984
10494
57283
62634
28366
7776
46474
10382
21816
13209
60974
43211
52981
26268
31480
14589
17524
7610
13560
14519
53739
17766
34820
7509
55901
6444
14269
21081
18709
35491
15633
11886
8020
59389
47718
15114
60046
20998
38485
21082
6575
9935
26729
30758
28184
19875
48606
55115
27810
28006
10520
51848
38541
17668
26060
3645
36781
28870
13309
28352
43040
33529
45166
39346
999
51694
35207
34385
57117
31521
39020
39746
16343
20080
6828
96
54509
15467
46639
50625
330
42625
47109
63823
11801
12547
53948
41001
5092
29907
1892
7366
55809
52808
51568
19888
41146
23541
44936
16629
13127
55385
8060
40284
49513
52704
34307
59950
5092
33390
272
60236
9082
12705
24972
4691
64768
63800
13649
8084
64025
47622
38473
17764
21327
8768
6582
13965
26935
32609
16653
60280
33689
40533
52343
4405
34941
62108
23910
36045
43056
52726
30121
53813
61497
50665
12117
61955
25446
4299
32358
45255
64662
39913
11789
36897
49792
43869
61217
21435
59913
31440
31352
56367
63503
35514
5464
62810
1179
44952
18363
20863
6042
49183
38722
18929
11190
22565
8618
31460
62510
11851
11609
20628
42569
40519
41175
37166
28888
63581
55461
44973
63394
57538
40528
7646
51019
12696
54634
54357
45359
45803
12556
38437
14138
39200
12619
49024
21468
52517
9226
2406
41168
42998
147
29304
61454
37539
25719
52147
61970
14807
29912
30063
5929
17430
11860
18064
36027
59224
166
10890
62104
45094
35496
8652
34573
5672
49509
49370
14613
14500
41881
17989
54435
61166
55074
1825
54964
37635
34050
25390
27466
2529
26914
18116
31546
35896
3761
28753
47375
33602
48115
47856
28307
14553
8187
41904
33507
43612
45843
54470
4206
63708
51353
662
15266
58019
7525
3325
10938
37162
44793
19408
2567
63753
49746
63227
46310
38518
252
57374
32727
27652
35059
28136
42688
36086
30188
15436
6565
40909
53740
37323
65530
707
27982
53600
40578
30571
36965
56401
61806
21167
37946
57645
12145
28059
39070
41639
47682
39710
8782
65471
13112
25108
27395
9426
57788
54612
51809
62211
15398
34787
37163
52180
21189
3255
34172
60927
59107
50746
33639
50450
6468
21326
15939
56147
44851
12000
57690
51483
33532
38083
21487
60477
1810
9790
21568
2760
37414
23694
9986
13551
16778
16484
42053
16868
37500
55336
45954
39876
36808
2766
29877
44961
22366
36212
10736
9280
4790
52594
57633
53364
46828
44537
61214
61396
58555
49392
5046
43235
34003
10688
24263
40658
40567
3225
18469
58023
17141
49338
1883
54618
51667
62507
23419
19358
27653
15436
429
21885
12244
17095
14496
34257
3655
44025
48908
23512
36232
5443
25846
60519
49313
10540
35709
47578
4306
56446
3802
62515
14322
46638
13879
51813
46302
37141
13134
4882
36024
14172
19057
44858
53871
9142
54526
61093
25763
7597
57706
4845
23919
64413
12350
64931
47579
17757
26714
41184
31420
7329
32037
40124
11194
13062
49040
64180
51081
64255
34344
10309
8939
38468
29381
33677
22817
65187
3677
1458
13271
14933
40396
1075
6794
44985
35872
40108
22587
38924
54655
707
37209
57441
60133
58766
17416
15297
8784
59117
57666
41587
15254
55072
20323
3469
13848
21713
23805
52222
58705
9098
25527
19375
4659
16979
8894
61076
44312
13648
33399
42105
31195
9821
55368
31772
38726
8323
58986
16036
59388
47731
65143
57052
9311
61411
55432
43240
20928
16279
4064
29467
33477
22644
60676
43169
23147
16623
23240
22676
16725
56606
20213
12063
40052
51419
25326
20516
23540
57949
7192
30593
32549
23056
39145
55179
12214
37268
42363
30602
27665
42455
49151
47407
11877
35508
31044
19476
59868
44964
21545
33835
58642
44749
20166
52627
41335
4915
63073
46651
6860
34730
19916
63991
61083
20815
1352
39077
5343
8867
59442
51594
56124
47392
53342
41993
30073
3414
11989
41845
46666
23860
13786
11086
39519
54713
28382
19668
28386
48699
30486
35020
30125
44146
10716
35120
15311
51944
22750
4431
42252
23460
45693
32581
14340
32836
5433
17317
50076
16645
49574
7015
31056
32136
31132
39552
50823
10989
35787
35623
8803
58675
2444
11854
33836
40189
2411
53916
9399
53959
12484
1133
902
15975
23647
56791
51566
46361
57987
27553
30947
53135
40409
6207
7030
27082
34774
9907
13166
14650
44426
16944
39476
34088
63764
40688
5969
7559
59835
63236
57393
44188
26319
47044
46563
26972
9436
34559
20389
39636
16067
2051
52858
51788
6772
47557
3802
23209
7477
32519
46702
178
3862
48936
25645
57615
216
53365
4699
34673
23627
37366
56489
47704
18757
59667
39724
2048
48
24908
65351
30612
33479
3301
23849
51738
7827
33100
62307
10569
24256
51509
32472
30738
52638
19156
3831
3555
19071
41086
20874
50474
55897
57923
48413
41702
34278
42638
59133
22194
37712
24710
29711
25443
12879
48712
19428
7803
32007
62211
54613
48396
30962
10103
52709
42708
41537
52862
65501
10538
29122
1116
26660
39229
46762
19083
16332
63844
55400
7628
41017
32180
47507
16309
56845
24324
60348
38323
26324
47989
5331
48575
24751
59334
26131
17178
28619
29789
14265
28076
60026
11154
46796
8850
13715
28554
8391
47516
62588
49654
13967
33574
30858
29209
64077
599
6717
59938
27413
7829
33894
40583
39672
50214
31113
1099
16218
35232
52506
9115
13643
39898
35057
41304
49481
27038
23631
23127
20988
2263
63924
9455
6753
58066
15047
44099
56545
7447
8169
45263
39185
21956
45311
27537
8530
60428
34354
5004
28419
11756
517
52146
26259
57603
34538
46944
37542
25795
61627
7783
28325
31929
5073
11334
64258
26242
46897
16026
35599
40315
45920
42025
9077
25990
30916
62683
39711
42256
28959
34422
29047
23992
1053
13250
28748
20288
42742
48542
26349
58471
8869
40740
49060
53250
25495
56602
36093
1831
29141
61760
56871
60380
23471
6251
45721
32799
17594
45554
55329
49580
1909
59933
4890
2201
21947
22464
34296
10653
6449
5474
4093
60722
20701
53340
50820
59336
43806
47864
65038
18960
20879
24273
5962
27996
42074
2834
34365
50517
8445
43718
46444
14896
54618
49790
3989
58415
51277
56452
7937
43520
30317
24696
42078
6476
45450
23374
59966
27964
44342
31167
17681
49393
60121
55528
19906
25885
15552
23294
21195
58288
54951
32730
23658
24998
2261
25071
32947
20421
26547
62355
28192
17034
21270
17631
56034
2912
19827
22066
25564
38526
8979
48809
41523
26558
47111
17823
17584
33407
7870
59284
65336
57940
44234
29455
55718
28312
33092
49292
12101
54818
4543
31426
24807
35375
51761
64327
40415
42036
16350
708
63673
22848
48814
20031
7515
379
19322
56586
21270
18165
25588
11741
15666
46761
1300
22117
37220
75
36955
64580
19692
63024
22500
28340
21717
9084
11281
4537
39593
50681
44088
62341
60624
38980
23050
22837
55319
12505
9204
14795
2757
2
64067
23867
19321
123
55661
54476
43615
42680
39643
10993
10611
59775
2173
32455
35053
56161
314
62942
64278
56773
39326
46704
57539
41789
14455
51452
12457
25440
64003
18331
7068
43312
46449
9474
25445
16717
65274
60664
64107
15677
35187
32952
39760
39698
65365
19041
41916
51229
24164
6209
14298
14311
34103
46200
62019
28621
9385
22482
61043
57843
44642
34359
35955
15316
34249
60472
19371
33781
32874
11928
65067
42001
50401
38657
19240
32222
12256
12516
30264
20857
12486
36561
43047
56255
64690
48612
29599
15912
10043
42162
11885
22753
50428
24731
24943
54461
5963
40690
56601
19451
54587
42192
55716
13109
26628
45411
40298
19176
46617
7126
44191
58899
36007
22414
55440
45
57502
20885
11052
59583
61431
33868
34205
6200
62877
40394
52493
59666
22943
2405
27759
27052
60774
60001
29255
26720
57155
6826
37385
63334
54880
33658
14216
29206
47377
11045
6714
2697
21066
47714
51523
8732
30189
54083
61166
63760
31473
36361
41245
61495
20069
62931
8633
44322
16053
1002
54627
57369
55655
27703
50573
47740
10882
36751
27805
33890
60017
34276
23258
8027
64296
56123
15771
51851
807
38124
16059
63241
9586
57472
34957
39812
48304
50876
63984
40703
2239
35951
34437
1518
41138
54489
23684
53032
14182
50087
58892
8400
57706
11412
39803
17331
2455
31470
29100
25321
31959
34701
27589
25021
62136
48181
3996
35750
49788
11161
13626
47410
9929
47563
9081
63646
44011
2383
19015
21828
36275
19492
25938
37037
57925
2972
13074
43248
32471
29287
56153
6618
26531
30923
45436
45408
34820
19016
52403
23171
3811
9089
63868
45258
24484
53041
54381
8355
43343
46472
56989
49165
40418
17949
35118
36885
24846
30479
54564
62137
40487
39274
3484
680
40264
23169
1493
5665
28940
12980
14844
47682
36503
4616
62410
7208
28780
16199
11408
39953
3088
36228
51323
28225
10736
8093
28759
25201
28282
5669
29588
32619
54328
34668
32985
61016
45594
62860
38307
36403
65385
43691
62930
6148
41753
27113
21207
34585
18770
30572
44001
27162
26309
63635
40690
46113
3905
2393
30873
25218
28039
47032
3775
24143
33815
62623
51233
46773
12605
60190
18121
11641
40672
14433
16629
45347
1909
12826
18791
49918
49836
3360
14391
52174
4596
13559
31426
43828
10171
35259
49203
60306
30221
40296
17881
21833
10399
57106
8031
5832
31990
341
54647
10288
31368
53083
41996
758
17990
7137
51398
47594
35075
27552
27545
27826
15317
45222
64202
4406
30719
58740
55501
41286
40423
23195
11326
62635
17120
423
52075
28801
41219
28568
44860
65139
43161
23873
8766
40866
57237
21685
19685
30152
44189
55152
40256
52906
43942
47992
35310
64964
9078
8044
58920
52322
45536
46283
17293
41474
17553
29545
53960
62090
47554
20740
56116
57917
65150
14011
28659
8697
53363
15844
54665
2611
15465
4917
20704
50971
21828
61897
47118
18415
41513
22194
36835
11813
38225
15903
19975
36513
21156
28793
64758
39952
49528
61389
26212
14344
18085
14981
8460
39539
28921
38518
57308
43099
20423
13324
3182
60590
55421
16022
16939
18123
1185
18793
54087
42735
58937
36828
27541
26258
1109
54726
22499
12704
779
8404
37464
50244
27947
23326
55332
51086
12240
20060
13821
34267
49938
12649
3929
44506
45823
64032
27046
17463
13194
37547
15244
14946
7401
1964
2513
8632
41626
39069
47638
10355
30366
6589
55835
52977
64029
27040
1611
9033
8148
10397
51650
63261
58685
54344
4321
13829
1418
49148
27386
30760
42307
59294
32853
15049
1544
39998
26571
17484
63808
12276
21619
62365
21212
36217
5779
17769
56620
59560
28203
42049
64551
16349
40651
18399
61935
24560
12619
21078
54175
65216
49993
36697
46413
53756
52487
35345
58872
65309
28892
19246
59169
54871
37561
64291
44014
17120
33953
63147
56213
52333
39703
8463
45626
33268
29646
24984
22821
42461
64489
50203
29852
32777
27143
62144
2824
40647
18134
895
36007
50045
50240
36429
35190
13816
60995
63433
9372
12817
19572
25479
59421
3519
50808
15521
17253
54903
42437
34699
20176
33041
63756
8474
59710
32521
50213
8515
26927
5637
32217
41858
49323
16276
37903
57152
49966
45071
448
23850
44641
24976
60462
46620
43651
11592
55210
34615
59376
19159
26196
20046
59604
44454
44681
29742
25617
15131
8870
27080
51605
4122
35403
14462
18566
65299
22902
23224
62976
20652
26265
5312
20532
65405
47766
55138
35750
18387
46063
38726
49572
17038
62662
53009
30228
47707
61719
44730
26849
43462
63592
4167
31143
26518
2011
64789
2992
10518
17706
33815
4530
49624
7743
18704
44229
13480
28189
26989
7684
59176
26414
22915
1733
2037
44268
65012
38979
24039
28361
13565
31902
47332
53780
45340
42319
4263
56088
22083
42511
51868
50308
58757
46900
43058
25829
53927
7088
19677
50043
47880
8526
12023
9524
36530
39837
9330
48727
24910
24227
20871
30515
44904
26849
6462
11662
35888
48581
40805
34198
52776
60717
50602
25856
51225
48616
51040
52789
62296
32988
43688
11802
15879
47349
36025
31315
59481
47050
4102
44302
11612
48649
36249
41428
62043
41363
18894
5173
3422
28802
39058
26072
39301
61402
51014
30842
48554
48251
9752
330
38716
396
47020
53848
31990
55682
5080
48348
17591
57091
25742
178
20911
32379
35242
15808
35080
11561
12148
56685
9628
33392
24602
11574
33968
31681
204
25558
5121
31448
46232
33953
42004
12618
23421
57764
6924
7750
16824
35626
2225
23724
63504
19001
22310
5094
5364
15607
40979
55605
38818
50358
15025
15582
19320
39550
3963
57280
35208
60504
15435
24760
45363
42274
41920
47838
24816
61781
6242
38966
45979
19634
774
5056
41510
17140
43622
62859
26449
40023
51906
46279
64340
54467
55856
44007
53622
37546
25731
12671
2465
11736
33040
25611
31726
35725
21196
43321
29259
40232
20002
44916
28597
18196
24264
58288
56879
11568
63851
21117
29297
5764
55136
6152
48171
52642
59719
53538
56225
59074
41375
57601
55557
13451
40128
40804
1047
27083
43845
47643
55379
36032
6092
22280
36208
53103
54456
35446
3455
53901
63668
63490
57899
55386
11594
4928
45920
27627
39472
28554
24461
11698
1900
38086
6934
14634
63079
39190
59424
61901
10754
14241
22321
52469
22495
30563
37283
37760
23405
36256
31709
46283
39009
12771
11439
43921
63630
45279
2327
58409
21420
62621
60093
46864
59529
25282
2706
30065
40702
17596
1556
53117
15400
40788
23463
1841
3807
46501
12754
64906
11908
3265
39739
12172
54205
64294
723
39142
15227
63760
43637
2157
36627
55167
6853
39029
52405
20555
61619
14588
63449
4241
54247
40927
15558
50271
30130
60168
35299
11710
61557
34011
29560
59113
4311
48613
42355
25725
46458
21544
18949
57051
28648
47074
12999
27605
59636
59695
30686
24151
17786
35535
18310
37601
447
55191
48408
28570
56246
10006
46804
16886
8358
45836
31191
53628
1679
29232
27588
23259
40020
44136
37923
30971
7305
29572
6328
17997
37848
22904
38089
53865
26240
5308
29005
32982
29777
3236
6253
46166
20096
990
24473
13586
9099
47211
8167
57492
3619
22112
24366
65217
6908
10923
12455
54863
8459
33137
8530
38831
62146
48222
50680
4170
33248
27955
12092
4580
43839
61260
64294
34720
54281
35085
44126
19367
34029
27478
16199
42425
1408
61406
15691
34588
42111
1898
41117
11961
6689
10552
38254
8469
52046
56579
48277
47907
61005
6498
22619
3309
59826
41701
56473
31816
18567
29025
37824
11747
55170
3537
40586
58275
28300
54483
24230
3059
52857
27124
23008
13147
61576
17190
56737
51782
37327
23558
50881
60097
27515
56871
60726
19982
545
19398
22762
60449
65227
26881
60846
65302
63643
52816
44176
33731
2355
58649
12699
39291
3575
10266
27186
51186
25942
47935
10257
47760
19176
40531
16586
43626
22706
53010
48281
45773
56824
27225
39629
59431
6449
6486
58640
10814
28223
53626
9835
57789
20913
64872
3722
6752
36620
23807
30352
25107
1760
29678
53473
24447
62833
31219
989
46071
37123
58507
43060
48084
57113
41016
40335
24416
64263
36743
43749
41205
45019
37484
16680
32284
25824
37334
57901
24763
1145
38824
40243
20295
60795
40531
57894
44490
58084
6087
55456
42960
51042
48752
56085
57703
34097
56990
46460
61085
28926
50311
31390
2191
10026
1246
19822
18245
63453
5941
36616
16467
45587
40513
54979
17645
23132
11238
11065
18295
36236
64007
40085
65433
64217
30912
4314
35235
3494
6226
2072
10469
58977
41889
64017
25281
45010
19921
42916
26843
15253
62617
29569
36611
4702
24874
3305
32742
61702
3682
29637
31750
31972
62422
28483
12520
37535
6562
40461
5659
51404
60851
47949
19265
63888
34815
9124
35418
46483
43275
30926
44961
883
54157
2764
27619
45461
64207
26790
1342
8435
12212
52555
30083
10078
62075
20793
14663
28078
47364
50751
12328
39184
20261
9407
4087
9261
26049
32798
20097
4458
46925
39055
31866
29384
28730
30619
52995
47818
14468
1567
63848
36073
49789
26404
45309
9642
54364
57887
18692
37849
43672
2855
37878
40541
43284
50284
46205
8455
54625
4529
39566
24671
8145
61237
43785
51404
46126
9016
48877
23705
63499
619
39281
5178
21954
44221
56346
34017
13117
45638
6943
40855
16095
32603
1172
5202
51825
63833
46976
4303
6586
57899
29295
32984
106
47223
53165
18809
35765
31100
14149
19730
48797
48996
36869
44315
15173
16691
585
42345
32268
37501
46921
37468
5664
40276
16840
54289
44577
51255
14169
64199
54663
6810
58043
37786
47127
9299
47311
48412
16066
43169
65324
57016
7483
59857
53599
62808
28608
61503
45411
63737
303
30924
20666
31148
28532
38665
42454
48516
47699
28725
55571
30014
34747
40902
54808
4559
59257
26344
28287
11732
27425
54458
61706
11611
24400
60852
41566
55708
19791
19437
2741
11750
53704
47215
12380
41979
60105
36362
10171
8735
53422
47678
33029
61897
22073
60335
27391
52773
14117
3169
24314
28960
22582
9082
38086
55360
30267
15449
59424
50083
17559
31270
7451
61140
11455
10429
47101
60136
54283
12026
4368
61205
33019
33310
46581
54059
17507
37918
64320
2497
12995
35591
23346
19959
15337
57510
51449
30712
45021
48118
4635
62814
16403
43797
57727
36752
10926
27432
1950
11924
9787
11245
25377
64064
23002
46235
26717
31741
64736
26944
47523
26247
16405
60349
41962
4557
9485
52160
36796
57942
26150
30232
40717
6743
45466
18404
41478
8696
27368
18308
29715
64299
6961
7392
45363
57306
48413
2934
24998
33859
61596
51938
29818
48284
62511
26450
49931
6330
9777
26332
41393
10930
51580
27294
15205
63890
45595
42906
62634
62763
14418
52765
46764
62114
39812
62954
30393
979
45371
30292
44474
34910
44556
33514
14117
38700
26731
19152
63350
52530
58520
28155
18316
57299
43563
26960
47800
25565
37248
9469
20783
16504
17372
58406
593
42633
3787
18236
62475
28178
57888
59383
8865
29847
23881
23600
13178
35564
3584
19533
5002
17519
7169
23531
38917
12359
34014
29268
31341
30212
44986
46169
48231
58862
31562
9902
64521
22778
17698
1290
26585
3381
48549
26170
44933
54887
3871
29219
34397
813
33509
61439
36565
33111
54780
47746
27725
36738
43610
15926
2252
41177
42514
8048
24241
27141
33278
45622
27691
63127
40371
60150
7392
38434
50123
34987
12087
58640
38576
55316
63057
12880
27641
8554
19788
27482
8230
46812
61318
41359
1878
53665
55875
42021
29792
60513
47186
11725
1898
50016
39115
3353
20554
49213
49112
42402
26566
46470
24464
22891
15824
17598
8778
19281
1261
48413
575
21557
52644
47454
34281
1142
34299
36140
17496
59874
35110
20341
37600
61073
5026
59504
54910
5346
30505
26372
22793
42064
37039
23736
44317
53463
20074
28479
39649
5632
23844
22875
30870
54882
36678
38034
4692
62890
50710
3753
34697
27441
27254
53850
35205
24525
14190
3248
35669
9740
54379
55024
56869
38927
48842
59226
29830
6975
11250
33367
34885
53678
36161
15377
20795
53465
64801
48752
3333
27847
61986
25038
4776
19399
1745
9341
27872
56487
57189
54687
3359
11485
50245
34314
48285
24107
47739
46093
31390
36150
49289
23153
39394
16735
8017
15607
7797
31228
29001
22070
8634
57303
5511
41577
28756
14976
53195
37744
53312
5972
19518
12620
1455
47570
42648
29754
64825
49134
36555
35985
19230
26183
26181
2344
1976
18196
23341
18014
15406
5740
25632
46780
8943
39872
15746
3273
30371
8570
42516
48234
23154
7905
32940
53913
63648
10590
28412
4025
23435
6658
7478
57542
42645
45003
19132
4914
54650
50964
65174
19440
57528
20174
29994
819
15708
63618
32464
13621
2504
5553
61409
3937
4886
61827
38730
54927
43575
17208
28266
46606
49073
59485
64332
58894
95
15279
30604
34805
49532
16461
15198
44255
13779
53039
59531
22190
23023
49316
57450
57081
54761
22736
43768
34187
62450
64171
3272
23047
57157
59112
26217
26304
40483
55903
59780
57782
1328
45075
6347
57239
52599
48035
12028
64220
58128
23462
61280
64997
4964
30357
30061
59662
11511
7474
36365
36954
33130
64206
38393
17859
12598
48328
53318
25578
30408
12592
27319
8881
46777
45865
50955
55242
8053
15371
18961
36976
8745
51635
13256
58721
56776
51996
39737
29728
30061
25087
5878
20870
8015
46671
4764
43728
1981
49485
49068
21816
40145
25323
63499
15795
13211
34198
50720
6562
50102
26563
4249
8593
49761
2220
63130
54116
24290
32071
4981
55114
42991
58510
56552
61360
53893
44386
7619
8654
63635
30924
6701
23679
43261
30023
21017
13719
62605
6018
50380
51511
7223
14882
13129
61655
3294
37108
7609
52738
4583
55955
5245
28777
42955
39749
44140
59613
36301
27203
4629
3585
12390
24625
53530
1288
6283
25126
58232
6815
21874
44103
48448
28981
20106
4998
37892
60366
54486
51741
22031
58134
120
5493
5379
1859
2014
52244
40297
7885
37010
31105
25516
24592
45203
28332
37101
19730
38988
2318
47136
3170
27048
57541
24117
61447
4344
20589
29396
45452
7086
46007
25791
15449
47581
4680
62008
8696
5484
61506
36882
49198
64908
17923
15860
62872
42413
50943
36129
41941
17858
22806
45364
39125
36072
58544
54162
354
25106
2520
47675
54673
30573
30747
34437
54386
23875
21236
32294
55786
3022
38081
13481
4724
31581
55227
14851
36830
42464
21692
45870
18867
41037
37328
63628
48879
31325
26723
24624
26922
44763
39124
44670
22832
16071
28598
44099
48023
5623
63134
46642
16625
49149
20518
60718
53013
7864
63406
35922
55363
43691
24723
52224
17354
5879
52955
39982
52214
9223
35062
60621
45310
2117
45521
64425
4076
615
28702
13975
21734
460
35862
43889
741
2804
16902
35710
39177
17878
3224
1862
26205
33075
6044
7931
42165
61498
12907
12366
48454
27901
33188
14174
47646
42412
46843
35382
20207
25791
45433
37577
13743
6297
11593
53698
43145
65084
34402
62577
42296
31654
21997
13693
31470
45772
31853
2965
3625
17707
47815
59524
33896
30832
24077
45004
48395
2145
49561
7410
39622
37474
11868
42596
63285
23631
6797
27307
33534
50667
3339
43328
15062
8511
27930
64747
16779
28430
55270
54629
15286
57671
62952
24099
49310
4385
49783
24498
40448
48462
34900
19317
15146
46086
35200
33214
55072
24044
23788
64124
4684
7563
14281
11292
15206
47736
991
52614
56680
36308
63956
55095
47738
43142
45187
13341
20041
641
59360
16839
18782
60508
60229
64174
26021
870
19324
56657
22258
20151
58047
59453
32877
195
62188
60417
2478
24089
12174
3217
11002
12443
46920
49063
35761
28553
5823
35514
31330
50818
56089
42958
50100
55207
4234
11483
46549
37943
53408
43696
3075
38782
57327
2095
34016
53449
38198
43095
3945
21076
23741
20991
56865
47691
16995
29516
13334
12295
64349
11816
50672
46487
47610
30669
7689
42612
20528
34765
6503
49523
47058
43
31825
45366
12831
23517
23134
22764
65349
26773
2877
14032
15530
56600
22357
580
13823
40325
344
59165
431
793
6975
31991
6824
61327
54353
53632
13018
4507
20359
30111
40347
56723
54710
6456
13800
2855
23376
40468
32810
64738
13964
27933
39696
45144
12578
48096
33297
27634
9172
853
26160
45620
47171
36960
27534
46334
3703
9558
7391
35795
63131
42494
38469
39327
54524
7277
50635
18248
64664
26298
15194
50625
9858
43029
54794
3614
24313
7867
21671
10024
62667
50503
17985
38783
50351
31173
54251
22835
39033
55607
42996
38759
12556
38846
47465
64782
37637
55144
238
39754
17962
6338
52873
30370
29237
64191
3667
38389
45272
9428
30972
45423
44535
6972
29378
9797
55478
3571
15515
41609
14599
13303
22191
57408
1558
17780
40697
3073
43460
37598
20898
34927
35922
60210
59005
56504
56574
35660
61566
50544
52878
6314
30519
42218
62604
51469
22757
51527
37733
52937
32700
35239
17232
44888
33213
62227
2395
42261
58946
17015
23479
18660
5047
52401
40315
9686
31273
53262
5660
65344
41199
18673
3262
44617
32824
59280
49847
4738
23645
63166
15684
22132
51919
13019
59631
14308
39755
3112
45723
35475
32296
61435
50965
53570
51659
11038
59183
14175
17769
7659
5382
30841
56058
19616
23918
39196
31880
21666
33836
13154
37602
64272
56497
64506
44005
2332
35558
6756
3510
20927
17465
19974
30169
5950
27614
20819
36619
25393
5009
55687
41909
62115
59818
57459
38255
19506
14960
22308
23529
19139
63348
30355
34651
18853
12281
46951
28838
38804
57637
22838
28541
40637
56073
55759
39729
49200
42994
16909
63646
19114
32755
9677
37479
53539
213
44954
64441
61835
2349
55135
20712
22852
5738
18373
40505
62836
56447
4053
18655
56633
54062
34038
47635
28775
42397
5426
25198
51450
2986
36714
42996
101
35031
56973
28557
20742
48044
39541
2556
42284
42667
60065
9172
52446
14272
9497
45321
29706
10529
64446
3525
4707
17202
49913
5059
38276
54598
64797
26792
3661
10363
11883
50359
54478
35143
23882
21189
57387
17297
53687
41734
46519
61711
25795
62245
38873
17492
22902
6146
59412
57702
11155
23375
23875
23066
59574
3338
34470
31554
33697
22603
16333
41651
41616
38065
57356
52321
61026
9052
3051
19797
18481
44911
44920
13938
22111
30848
36807
40368
2087
60180
13524
10882
46345
33636
22936
57849
3081
26136
39509
50806
34573
12315
10424
59775
35482
57043
64475
19442
40863
65519
42510
22916
32423
54004
24578
8609
4152
14608
46528
53427
33413
52017
28521
38522
29695
19443
13102
56659
13456
27945
53054
1995
43296
51683
35645
24672
13476
53664
25264
54684
56494
14784
2899
63577
52869
60079
31207
54202
32670
58351
44500
49225
29766
22775
57950
47891
41078
25526
43551
46277
36519
25895
28941
40589
64325
47094
13960
48144
39404
2562
12909
28256
33678
49242
11344
49983
8006
58618
3633
22565
41710
10959
28012
56502
30032
21494
48278
54767
34324
22080
24683
32406
49617
44374
6037
7993
47098
38253
46741
9604
60758
7023
65018
24198
60333
33063
8609
14419
57027
14395
2138
50170
25880
16496
31703
55170
24767
10723
41658
48465
52906
30834
52422
21403
17342
41612
38468
508
44584
35108
9035
32027
3056
29313
24267
32249
36895
58842
52365
8601
60502
13178
14152
46311
39883
21973
44183
17301
11574
9668
7980
11239
965
18259
57689
11780
29600
55075
52438
29704
37453
64388
18679
42589
30240
39133
38672
18255
36340
55524
3204
4928
63477
7533
45823
45838
8581
42902
43124
48391
3829
37696
35974
52615
1992
1357
24496
55796
51387
58171
35329
26349
62933
36498
17794
2010
24313
38736
36262
65264
2725
35758
23276
54443
54988
45758
38279
48514
25420
32605
47702
51238
49441
46264
22167
11368
62774
14950
49268
40915
41429
758
48458
32408
18390
33783
41556
22184
53594
46941
61173
58307
26206
47705
37186
22351
52764
36186
42761
9732
26180
3230
42259
20970
41549
3706
12688
4258
26958
45484
36933
42174
17280
27145
57137
4725
58106
2543
36117
29430
28535
31256
40203
56948
8780
12186
64245
50351
27352
10300
4829
59047
28901
55358
31034
11528
60534
23897
54188
11405
3598
2368
1078
45551
15261
271
11668
19487
7967
5851
10188
9783
1018
6019
43366
60332
47721
30665
41448
38475
46226
65227
6722
44660
53024
64754
24569
19255
62585
62898
45752
27951
58547
10233
50724
36675
17143
57031
18841
45871
48567
43123
50336
47047
49196
41688
59172
60306
17031
15338
39216
3768
25044
22036
5101
33583
44363
14888
51732
16013
24015
26860
12384
46296
57940
5723
45038
32209
47661
28557
37020
41810
65259
41540
19324
46485
58715
44428
14652
35231
19495
1590
1785
45161
54088
14465
31229
42226
57430
28694
24326
52728
55603
43344
11353
31146
25110
63916
59422
43306
3025
52350
2555
48574
4048
4322
24515
21232
6216
57841
36807
1283
33715
49241
45667
38410
12652
4740
31619
3013
44124
32132
8576
15777
8506
6828
20000
48296
42384
44308
8240
47760
38734
1761
30480
49424
19061
7428
17375
51519
21634
49803
58170
238
59869
35486
35355
59324
45489
35159
40444
5486
51038
21318
10137
10096
45747
649
1315
40646
59673
11938
53591
49315
33164
19006
40805
51530
26518
8949
49239
57949
57412
14317
43171
14676
59189
40784
5378
62045
39111
15225
58303
19146
11571
21328
47633
54897
44938
14216
53030
14598
23749
4360
32241
12157
49337
36136
14278
26132
1733
27760
62914
56009
44203
36864
57895
12991
50978
64960
22536
30750
8525
13108
52305
41550
12287
25973
22271
30227
139
26019
28983
859
40006
57921
53369
31886
47298
27017
45487
24471
6449
18853
40790
7404
41712
38774
13217
54644
29276
34121
38608
50472
56905
48042
25117
49911
62027
62186
34528
40551
33371
31284
36047
4825
2679
56004
2717
63229
38585
38948
43491
35211
65456
20697
62407
40821
53423
47640
63007
64874
52759
60456
42054
56591
27578
11244
61932
46400
20258
41696
60332
37369
48230
33715
38416
21234
61967
12985
15865
44674
15157
43682
58978
56810
33255
63725
63144
26084
10444
45090
34819
2324
8568
63175
40640
62656
21772
18316
19867
50414
40343
64732
46853
30733
42012
41960
33667
63683
20633
20676
46441
11809
14949
8341
7322
43001
54492
5302
43042
16689
62463
27500
48467
13713
14559
55117
53347
50222
10289
13834
65195
56797
49451
7263
6895
34193
51170
3796
21442
35537
18354
37739
17746
51803
9554
58060
6431
370
39768
59842
39897
10870
30998
1150
23418
18820
22673
63390
21156
20853
24020
30965
37553
28300
16200
58607
57504
23798
55219
29597
28536
1383
52083
37779
15719
55321
42104
8755
38631
48372
59841
7344
14427
22168
51402
27276
29548
18231
9164
10465
59117
47221
4971
32006
8828
58768
6921
21644
10231
8673
62140
22894
22391
12129
46927
55023
5331
40163
57090
55285
29582
20441
35066
57451
38955
24135
63341
26652
62762
57189
17796
28958
28559
37461
38137
44321
27009
24648
17831
27817
31839
21016
15676
60739
59368
15334
62661
27057
31579
13992
12635
23386
53720
55090
40768
38385
7274
3110
28366
39867
61099
60692
34093
25829
22154
65203
6572
28300
59964
15588
887
27299
51360
40532
56616
56981
51357
52897
61137
20874
34919
12162
18289
27955
49719
48982
47634
4410
14373
5730
39276
26281
9800
38314
45308
25906
20033
7193
16858
32988
42823
7357
2378
31247
41629
13984
2592
27928
2193
58889
57300
12183
40121
56944
20956
23242
48144
37988
47611
48189
963
13175
36634
28692
32583
12869
3069
48232
14860
60308
26892
45438
37610
14066
59461
44560
54321
2308
49211
65511
55729
9200
11066
20321
7769
35803
5165
62269
55187
56177
2002
19249
25912
32048
21401
35615
42177
26105
20754
44007
57363
34777
1656
60469
32296
34807
25321
64434
39030
20567
16506
11740
19589
23309
55111
23648
36180
6956
27329
12619
45761
25381
37625
29328
26523
46296
51275
22875
52266
17327
20673
9380
41917
7804
31396
55949
32973
47344
42196
36557
27834
40431
29461
1104
2888
34637
58960
5556
34094
3185
7951
22387
46029
65099
17550
39199
43331
41709
18552
25626
7675
26526
24221
34948
20658
47346
52412
34462
41168
2176
270
1792
19494
46641
2533
37017
58283
9676
32850
26763
30116
29187
61889
32002
43352
37784
64116
15028
32443
46409
4356
214
49721
13266
15741
48108
46382
36718
5963
63081
56046
57661
58056
46334
58060
8218
14742
62630
54228
57509
2683
65433
18216
57735
35281
29010
45815
56326
61866
7110
6303
52021
64832
33909
63937
51051
22178
57645
48941
48316
5738
64176
24696
26396
36705
58334
46489
8891
8280
50550
51550
44577
48918
55233
7794
278
27920
24395
19318
43941
6737
37568
24304
918
35942
17572
52528
26335
45082
64577
12202
16473
6257
10787
21429
47330
55680
35513
48135
42270
57725
40455
40307
7066
6249
60486
12235
13151
38425
31518
48671
57468
28571
24783
49098
40438
1806
41184
34404
23848
9188
15669
11743
44260
51312
43030
28966
52334
56398
63399
1664
16105
35857
64599
5637
19329
56426
15933
20948
19599
32662
19686
47465
46708
47494
10370
34209
41806
59304
45690
51537
50945
31057
2956
26148
10150
63848
60526
46453
35291
14882
6770
21170
5239
44672
54953
59450
806
26195
20550
2193
34394
56603
33939
45475
16940
55136
38355
20522
2652
48608
21259
37719
64702
47681
49920
51272
64561
65075
44705
59828
57732
60685
16670
25669
7646
46876
23614
41368
65434
29740
44089
35343
42191
53063
3981
20120
54340
41269
14109
14851
61771
5353
12584
13403
53763
27186
47801
3881
32657
57314
47829
57312
7710
20075
46867
45387
53770
8556
46626
29772
15578
5456
2342
41257
27032
1310
61211
47923
48628
17276
47166
14288
1877
47767
30761
2500
4312
36987
19013
60182
42319
27478
18304
41076
49656
33245
57669
55530
46379
33357
14967
13565
37329
26319
15052
45686
63086
8134
13419
3810
23801
51325
4950
39278
19391
57609
62152
42393
31023
19931
51558
62370
17613
25838
4316
25233
58025
38428
60920
3520
51290
30456
61152
55291
32605
7277
35733
37974
38911
46012
49184
60088
25491
7026
49049
9840
57266
37828
25103
26161
58081
43750
4361
45435
1944
60370
57173
20063
23050
29038
41302
49540
52337
49423
30424
39914
46144
63773
25577
55085
3967
57288
9536
55428
44698
64197
27467
42005
20632
38098
31213
10572
18322
6020
19032
25027
64283
28066
58416
29461
55346
55398
61371
55179
44149
16949
52757
38423
18425
61635
13108
46055
61121
44173
54745
52887
20239
4836
47477
33707
53152
62301
43095
25893
54119
5575
45283
56448
29095
22760
64014
14129
57879
47604
8334
46527
47116
48078
19436
49538
27596
16593
42073
39696
40281
22479
14054
36431
58807
48327
38215
49479
4000
12219
24286
53072
28048
3932
60625
4882
31447
2352
5792
13461
38393
53799
21311
57378
44236
49802
53756
40746
41026
35897
59940
58186
49567
6385
26970
60461
45479
28766
14981
56614
56136
46428
29751
17214
44651
4127
47666
39029
28341
48168
38796
10019
25646
15991
62230
8173
10716
27153
63128
4235
21764
6353
49859
55847
10378
46036
6408
14778
885
42953
48979
51777
4147
34619
32748
59263
39751
62088
55846
23879
53510
38645
34900
16329
62433
15314
60790
30817
28331
14790
46025
34279
8824
41292
53737
36166
8758
38390
65240
36586
28992
24162
17576
15637
2491
55521
17635
38372
33176
15086
22831
22682
35819
60945
8486
65329
60914
7657
46146
62866
43834
18047
7374
62618
22135
10678
39701
22136
20932
35621
31955
51415
63252
61343
5097
35116
23449
38147
62492
39920
56664
46724
8239
12045
21394
40948
55617
6588
8250
28921
53868
65005
20089
33814
6175
16886
23086
51204
874
46201
53212
9292
51573
53508
27891
19470
33296
26127
9925
9617
60971
16926
35156
45887
18892
49608
64014
12843
51047
12986
28872
5565
64495
32682
19816
42843
61183
63589
33825
54189
48880
45985
38800
24758
17550
19937
16541
7425
30914
21651
46455
57833
37271
40945
8680
43847
11473
57223
47454
25940
20015
9709
17644
46486
51491
16897
61995
13914
54528
45346
55480
5466
28689
12835
23043
57249
48661
16781
65377
6327
21251
46545
60837
23731
6616
41214
42686
45394
5376
12379
2765
6147
52027
4941
1069
41100
61673
54175
19060
47954
22413
29972
41581
55176
13664
17678
38240
11844
55788
31361
59587
6059
62317
58687
51122
11631
45960
19202
43066
34473
45106
28525
35993
23533
6969
59306
65395
43921
54412
55447
32509
2176
53860
23174
16022
3127
2749
41693
25654
52293
17810
40471
52284
32514
22440
38333
2700
41780
18545
36392
54389
62602
38666
41381
8667
6141
42934
23184
24543
3560
47537
29478
4667
4781
32055
49051
25901
3128
41726
19597
2342
61336
4570
28022
20412
23468
4715
58057
26938
27428
10804
13924
11309
44251
37403
61798
4346
56038
23299
49559
14614
30836
24166
47619
504
53886
52441
22555
44226
25923
22077
12899
4792
22963
17121
62308
42471
56035
64572
61962
13690
25272
18254
51215
36543
61584
19224
4993
8310
38149
38289
26493
33762
3927
1373
58985
8216
5641
35122
33858
14986
24608
34366
62527
39343
2529
63461
43264
20610
52707
58487
3139
64024
20417
59961
46538
37787
26562
19650
6658
53194
22170
48115
19177
14660
53446
58453
21422
41066
22560
997
48911
17177
58743
5629
4587
22994
23259
3289
54370
55473
13973
35595
64498
2678
17171
30038
37411
4773
20763
30206
63240
57303
12361
58924
53128
39717
43099
64606
51286
8896
5210
15051
4196
4657
8615
43043
11147
58608
45067
6549
47456
11800
32089
14247
24273
2985
58453
10598
34363
30099
17849
7472
3422
30674
49823
50195
51708
53822
9920
54564
43989
43653
63595
33776
4257
29748
29385
29853
28063
44506
27071
26775
49684
1520
34867
28517
65158
62283
6198
48259
6952
41151
11690
46018
45612
46835
37166
60019
50086
36449
1049
10275
10494
18263
43667
27677
27970
14040
54158
5213
64585
21427
30949
64385
29290
42916
39280
63273
35906
48461
7974
59583
60743
64345
32264
56312
9762
38288
1911
9643
57508
56513
42850
38433
52403
1951
44227
25449
53722
41754
2015
35670
40463
30158
12584
25294
24108
49282
54271
37333
45358
58971
14997
35148
44569
7564
22921
44363
64363
29458
43590
62665
42517
40087
14559
52129
13594
30321
7645
18307
54422
1410
31811
51767
49328
58308
56104
57365
4198
26601
9072
39964
38465
9914
56963
512
17639
41848
65008
25724
53218
14868
37727
16925
21836
15256
29557
15115
32606
43678
14377
39048
298
50885
6026
43670
18532
33688
12037
61487
18979
64257
20653
38850
8601
24015
18679
16437
47645
30681
64758
46051
9689
18821
26902
58085
2766
8799
3489
21679
30451
34545
25783
19911
45980
53440
23272
31992
39424
27650
2442
38455
32951
47047
40181
27057
62555
58520
54171
7678
21015
40717
56576
46596
55156
33470
13099
24092
63963
59910
22310
51525
39657
4907
50558
61015
5604
7928
7813
61186
13927
16098
19602
65038
43528
30883
43797
60121
41186
3094
31762
53922
14632
26127
26786
25729
34910
741
61744
43866
10607
43098
36992
14235
29672
25062
8593
59410
5605
57733
8139
6594
41074
19699
13602
34163
16292
8271
33432
28427
29888
61390
9028
26341
38050
583
46587
37929
55271
28367
26344
56886
20180
1125
20453
26476
23180
41807
61671
19237
1536
32757
22264
10448
24768
2732
26424
10582
34509
11130
56779
10364
27775
40325
4195
12976
45340
39310
27718
32764
64115
37281
7745
64041
5294
28064
20851
26899
18628
56548
7351
22886
45287
52797
54058
2398
14866
2954
62129
59612
3782
44062
49025
48135
50434
24529
23348
62198
37067
22521
27701
59882
27536
19574
58710
37780
11406
48386
33304
19117
45128
20060
45334
63623
63525
51801
56798
45571
51614
9756
18157
3329
32762
59797
39885
38688
43810
25760
40893
39244
51432
44417
52877
26645
32273
48061
42447
40857
49221
38336
45084
5113
41668
1878
39705
21702
2976
38629
53476
19196
6218
18548
51121
15489
34956
55658
35279
44338
63412
19110
46660
62138
4640
31662
11068
40204
56033
22917
7304
49026
23561
14579
32729
39191
40147
32479
16487
5650
9734
40600
47377
60762
52865
12716
44933
22367
11033
6959
54662
9284
34714
10597
59972
7376
46808
12456
47580
51301
6007
3581
25454
8423
2686
29865
25389
33154
48010
61408
50009
14468
18225
61348
46402
9367
35038
27574
29833
22789
21590
48153
44444
2439
26313
16858
51877
6755
65503
30495
51009
46806
57424
6838
10870
26
27594
22637
54367
28746
3091
56985
11812
58802
4635
8319
53880
25563
26216
52864
6264
35057
57508
45825
21673
41992
16418
9104
20842
3078
18823
6648
24940
36172
18246
53945
22730
19028
34284
36223
10172
43014
7070
12577
1610
24196
55890
13965
58732
26812
37577
27578
24798
37670
58907
40676
20305
38636
49866
28851
24188
6441
16258
35735
9448
62759
24102
25424
19385
18590
33316
24013
25189
52344
7886
49405
13702
18281
52052
34664
56011
46967
29339
47423
46961
39247
29767
39861
62132
9288
53534
23861
30463
977
4646
10275
2187
60515
16898
19073
17824
64074
34962
60309
4651
49289
41741
3155
48775
56641
26114
22839
6358
15681
49729
6395
43355
17958
30514
55764
5613
62539
14334
9767
51528
5158
37202
38531
24879
14007
41181
50605
38318
60042
15388
44287
24570
7425
51334
6905
25608
46971
25008
29301
19866
47342
29977
34072
3505
22068
18308
60829
60603
17554
17064
42899
2256
50329
42077
31244
61827
52332
39192
17948
28306
1255
42984
2740
29773
37175
48926
46082
33278
29306
25887
13274
8838
23747
43103
14509
4513
15081
53603
61352
51997
48049
54292
43646
29312
43820
20566
40585
57784
49727
23307
52465
36383
33403
53152
12436
18628
44483
30417
20042
14792
39291
29576
41882
64071
49215
35630
3842
5385
39562
14706
18367
59548
21287
22408
22118
35768
17227
65344
50882
32303
36452
32788
47000
234
32955
42239
22392
4083
55790
25709
18413
37318
34356
44554
44568
47810
9024
50852
49508
20617
22987
5074
43789
10665
7009
27727
35631
36988
45705
42622
5929
24863
3775
42349
3342
34715
1610
17780
61376
63329
2142
26890
59273
35983
56459
21725
6073
18968
49248
40023
55796
46319
18342
25532
34183
41686
1670
15764
49424
13564
52902
33687
6971
19785
27849
40007
55245
25878
56257
46873
19121
59772
5734
3115
8062
25638
18796
4869
55775
53524
9988
15122
16712
8433
16978
28085
5191
50841
20523
63051
21415
17885
23670
4179
8037
38783
54428
60779
47913
7867
7810
26230
33133
50912
55268
59184
10181
8761
42287
36446
31370
5350
13529
35330
42927
17611
7709
31398
53671
61767
24831
15703
14345
3415
24873
40804
14128
52241
39265
31789
25618
8494
27239
18378
16571
45091
44335
2495
27824
20366
55522
56077
35669
36984
11907
25914
25226
36449
49806
12540
22718
46309
4139
34862
15130
32546
2371
40714
53848
13025
5925
64692
39747
41849
12502
27991
60678
30181
24391
9777
37504
46542
57047
30619
28067
6355
58793
10640
8483
6031
18624
54648
61427
9168
39756
23244
54790
36257
62010
26641
55086
57560
13094
25618
11993
22116
63075
64426
52012
6341
47955
43024
47824
7214
26669
63113
4327
40048
34878
58382
26334
14508
11173
25483
31789
48952
31845
52485
24661
55670
20269
5910
53263
50404
9931
32934
11973
42882
50910
53898
2691
11477
54787
8167
7486
62909
32928
19100
64343
28156
24814
1830
51430
51761
47814
11622
53169
22207
4928
8932
64485
16339
1029
63834
8425
5017
45402
12588
57322
62146
59050
13933
11188
192
6796
48358
62710
26812
38705
21451
55283
56091
54318
25633
51843
59724
2580
65115
51270
43288
54398
16658
54969
518
43433
51286
54242
10928
28755
38862
40690
32741
28514
9847
54583
44684
40558
15160
64405
22087
52829
33848
39409
3539
40079
23216
51729
54991
399
59117
6904
23249
1792
59861
38958
47753
56104
34661
45251
16559
36530
52515
27864
42485
44748
63077
10438
25174
14962
16702
33402
22187
59359
37239
40402
22209
63101
26179
10409
42031
27014
28002
15853
61144
54331
48214
16506
6414
7980
3541
22905
3876
19645
45848
6664
16915
53117
8161
43395
18560
16939
17621
30732
13108
30965
19414
26365
1189
56871
11852
20473
3729
6342
33141
43617
63672
37043
22827
58859
46012
17992
21038
58728
35077
28029
27568
54222
39083
31835
56913
57279
20463
27427
9926
38860
44376
13769
18326
39149
36211
21468
3082
14489
21319
1587
41831
8200
11181
19398
39701
35997
63303
4574
45374
56215
30587
31898
2254
57835
46784
30518
14317
12136
57933
5868
23108
28039
26287
40910
9023
56874
40554
49400
13883
24501
57431
61855
29123
63212
16837
33710
34800
3863
310
57554
35392
33724
54628
51240
44768
40671
57476
49306
40277
38948
4121
22244
53580
48534
56975
57186
55581
25706
24459
5171
64623
49825
1282
23204
2542
4991
35691
