63273
54369
36469
38096
64946
51289
6513
58356
54617
41921
24314
48845
7200
42045
26632
40240
15794
33881
60236
73
896
10776
46145
19930
26562
9488
62188
53665
20947
2238
59182
42511
38505
45964
10153
52591
50646
6489
29322
30131
28015
17919
1707
37500
22510
22395
8750
16387
12586
27092
52744
14270
50899
1173
8538
62283
58814
29510
19154
26168
22755
56714
11692
12614
2322
45902
64616
40444
64125
5462
59623
50503
3232
6950
12375
46061
15000
29666
21548
56741
41951
50999
20378
37989
45348
49401
19861
32851
61729
1950
36777
52354
27704
36778
8914
10311
27210
43594
41260
64911
23358
34449
30768
54868
16666
54187
33392
41607
2734
26226
24392
54414
33800
50460
52962
60251
32231
48962
36500
52568
46402
49368
50877
25027
19054
3309
8074
12553
32751
3332
48884
21286
26619
50422
43436
38090
4443
33320
24610
1019
24838
65246
36145
52610
17517
29383
25956
32806
46759
49992
34267
61632
55156
51264
37719
64430
41037
208
3965
28247
23769
3809
36946
28142
8715
31634
57679
63742
354
1111
1455
36591
32294
18587
26588
4703
18943
32609
57587
13421
1415
872
39743
24909
11388
28399
51342
63353
16100
7725
16160
40260
45040
48782
2426
7869
16562
14617
12101
45568
56599
34449
38421
28785
38879
44654
41812
54570
6949
40444
39123
28403
37535
19970
59802
37292
11992
33515
38779
44163
64073
56821
47818
50468
2652
14955
56672
3901
55258
51569
16323
56437
54241
15738
50488
35492
58679
38872
11563
19477
34380
8503
30635
23931
9631
57669
58572
53632
2081
1839
64245
34419
32794
64670
20476
44660
24542
45674
10810
52410
29313
54960
42520
4084
47226
34188
24204
28010
4174
47547
55944
55213
60033
18438
23293
60249
611
27434
60578
38202
20256
24115
60967
23799
39429
25553
13897
54741
29280
45479
50859
25997
22526
48866
13560
42354
59615
22133
22281
54491
20428
48009
20749
53161
788
24870
10978
9671
27892
47299
17569
25850
57583
51087
46240
21253
45154
38766
46397
3870
4351
38167
50667
21766
18274
3161
63266
34616
40845
59140
28647
13223
12988
61173
7832
1062
65459
64171
62614
27916
14311
17148
43448
28274
28412
48135
58913
60078
48777
42869
46936
59640
33942
17868
48476
32361
25904
35686
17821
26484
36525
64140
28028
7049
5119
931
56651
34442
23265
64131
7601
21550
1151
41131
53842
2843
19032
33857
42245
60703
9696
41438
32304
1123
31850
61124
56257
21783
50185
29907
1784
4884
36058
38800
64404
40477
64202
48716
56030
51540
55781
60729
20124
55159
63350
44239
6817
47510
52086
6347
4469
64413
16274
40533
60682
3519
38996
46810
15249
28953
2706
52109
54551
45931
49671
5185
23760
62115
11258
26268
21524
214
65334
30918
37797
50047
57575
59175
41924
65525
52695
44981
9887
30603
52727
40397
9508
32810
50742
6197
58795
11990
60741
31169
20838
58757
20492
1191
21551
52386
12577
23209
4588
35865
30527
37173
62819
45915
39379
10650
16752
48861
32260
56385
55722
56969
14005
21386
40293
6799
23029
48346
7008
34274
31263
4983
39253
26682
10002
6194
17236
19875
46138
25852
20734
21414
30080
21575
47152
56787
65093
1582
27767
34132
42869
27855
3668
12488
54824
46641
23472
23969
11992
33190
64516
5645
14037
29828
32369
11971
53293
30967
26337
19079
58084
8351
18752
17082
21561
14200
63510
15540
64914
15549
28083
43437
50
60652
2528
1549
7443
63918
15587
39541
58925
32906
64470
42013
40743
30612
33737
5265
19101
11763
57648
37183
15915
46243
22904
33409
17015
58771
25775
7009
29044
62136
46080
51700
57841
62627
14224
55017
23109
7869
50417
21133
45046
59553
33164
2898
63695
45271
25973
40556
13832
1229
18148
10311
11561
11124
15387
23985
13425
4230
41101
31662
19591
44389
40845
39101
1018
41754
44031
5810
40291
30177
53960
12930
61309
10046
19422
57547
46262
374
17793
21561
4057
32249
38231
7434
59479
16670
57479
44072
38015
55897
54907
65286
4192
19198
28317
56909
44478
9261
10238
25962
12319
3513
61036
48905
51001
24400
20543
40630
13019
26309
20834
43932
14238
43967
57629
15565
51091
37304
33174
11506
57670
42909
44496
26585
55063
31428
9480
54036
26563
62312
28673
55151
4229
32861
57107
8540
21354
31021
40110
39016
19825
12228
25020
44167
54098
21263
49941
62926
54714
53999
29672
30890
57706
13732
57939
20220
47124
42991
33580
63921
10560
23939
48788
19322
63578
17185
42700
60621
26766
58188
25985
3623
5708
37075
8617
732
61555
17611
24086
10134
62023
44819
31395
28495
7841
38201
1372
24650
3563
20361
30262
6865
28282
21214
50062
42023
49739
62171
64893
27995
34221
20792
815
44744
43988
29134
13476
58240
50499
26972
53293
65202
33019
42490
62281
63239
62756
40703
17822
15238
43016
2131
2579
36751
28137
15979
50251
1015
10633
57130
47135
58210
43283
34794
19277
52339
11026
57478
41871
16847
59057
30019
57462
25085
58976
25377
48246
13238
51017
6089
4358
41906
59837
3497
31428
41679
54803
51074
39752
8701
49615
64463
57460
56644
30272
43372
6886
47594
34373
16144
8415
8844
6360
48882
1940
7073
9755
14035
54813
43407
24878
41664
898
13723
2709
6765
16201
34181
15868
18363
38210
34204
14521
61163
59363
45207
61487
45540
212
55141
47666
746
23888
49256
15000
55966
23852
13972
33217
28301
29650
16093
61711
16363
53884
3045
46473
57128
7864
19735
19301
23625
5239
60107
34158
15306
10597
32177
46717
48484
56918
40652
11316
45318
63624
2525
24600
44229
30206
29839
29614
2848
36200
32722
39445
40829
50446
63323
12253
52229
58662
19167
35022
26188
11064
7072
37208
17752
18686
41676
15222
25392
33274
17133
21254
49111
39428
21720
35517
40183
59825
59619
23888
20037
20464
53041
59524
15718
776
44030
46288
14553
4440
8588
24198
10417
53805
61113
21633
46864
27925
44905
30885
24253
33401
44148
23807
47110
4260
9176
45630
17781
43467
20356
40407
1918
29388
65474
17109
47569
41425
21395
32411
13247
21724
55324
22900
19900
24860
29379
1154
39805
60925
31381
52427
30555
32583
22269
60311
2218
23540
41552
14577
47090
43907
27681
44311
24410
27404
54426
37037
6933
45974
51092
32009
58980
20648
22745
34847
39547
16248
5681
43987
26557
55145
58515
21064
62114
35880
14956
9628
7349
47236
55751
13709
60375
26619
8566
48019
30906
1448
19410
11442
58929
44700
39265
60230
27074
14034
7848
7884
40376
27250
41895
23084
61527
5611
64025
56899
7911
11936
34930
31796
8108
13720
11427
48576
64677
35021
58426
4927
38315
59849
57213
60854
38252
6088
20928
45843
13371
21498
60787
43821
60053
4405
63367
60468
36273
19192
1174
15812
20150
17306
51001
49269
5307
3811
56800
61817
7329
45127
61547
23077
28209
40481
22986
41703
13788
17663
60048
16822
940
12978
53411
19685
62267
31454
33602
10913
65042
40684
29019
53628
36744
18092
11735
42397
64210
44057
57701
31926
13157
45852
25448
50979
56825
6535
14000
908
39563
66
43585
41138
2900
22863
30022
18629
63771
47653
20673
934
56869
26690
22555
53455
44600
12632
26881
2310
57884
53125
27916
23458
34329
24965
58339
34222
8460
37103
25685
60422
44018
21279
21213
15270
20612
15638
62570
15349
10230
5656
13806
1031
4442
23993
41497
21695
57764
57322
61142
50778
46897
14402
49229
42506
34846
49161
24284
55834
63603
15143
1982
27826
35407
48384
17127
34444
38008
63365
63062
9794
34636
51576
40749
7797
14648
57784
44456
1024
55936
1528
15182
38290
50460
61628
46571
44948
2125
12625
24207
27057
54518
5139
20805
57441
46686
38399
56345
42472
18124
44600
36197
6994
59006
9827
8601
40428
2067
5446
58645
24472
11304
7962
52967
23734
17981
33251
43739
21203
45860
36479
59576
9725
34883
25688
26746
60961
18356
34470
37121
55382
15290
36189
18533
56231
22967
50811
52908
57815
62329
48964
59756
45427
50294
42543
61750
61175
60388
43032
44813
20057
41536
16359
62422
49149
57139
61853
47056
36959
56117
34237
39802
51006
55263
20237
37324
41131
2661
15410
33151
65114
49798
53960
237
27142
30680
9539
4158
12264
2153
21791
45680
5240
42733
11689
25272
34220
237
24236
64084
3495
9605
46907
27467
17579
24437
21340
20107
5627
31045
5330
24257
53395
13862
51238
56643
14942
21578
17699
43502
12614
55733
58084
54520
1744
3238
25600
17048
59520
53010
2114
51673
50842
25628
59878
60692
3235
59729
566
27829
44318
21992
19175
34855
56017
49452
52666
55862
53570
2487
37834
42208
52218
12768
4281
36192
2458
64904
28410
9559
7964
59892
28045
21298
39630
18237
53394
40265
52480
18713
52928
4064
39976
55538
45432
64750
46570
48034
39191
19399
22531
35653
38264
65013
36154
31260
18555
8733
51485
38228
14357
51089
54203
31473
4862
16385
59256
35696
4687
41586
64833
13497
18938
26627
12397
47998
3897
19977
36308
32615
10445
55158
22358
21967
10938
57404
57378
31636
8411
42911
25299
61490
39165
27021
33944
5623
33893
36806
62807
35342
45968
18006
28912
57238
10448
25128
24569
31493
48074
16857
50980
37029
15222
44406
60004
51115
63151
52235
37475
14230
44969
33608
1873
62267
29618
12253
57810
31154
21668
33867
19966
28253
57251
63649
53723
61638
6996
55111
11895
47148
37793
60862
6331
34791
16134
1127
12625
5879
27114
37413
27699
21709
30426
13928
63837
21616
48647
10460
60983
40933
61004
8758
63564
2097
44905
18524
10871
45887
39248
9142
30496
18411
38735
3045
53995
13817
11583
7406
14181
58536
43667
58043
21084
31651
57312
13902
55665
24432
27952
57043
46189
32215
51470
54658
8281
10261
64925
25696
63345
24496
62322
48322
33914
16298
4898
43777
39073
39013
14803
2293
15376
10484
60756
58479
22231
31485
51661
41320
16962
62777
56648
62198
11276
42487
44731
31328
27100
62096
21663
32705
4835
13835
59098
38340
28992
4367
55061
41112
97
7189
59985
10844
18712
43001
36307
43798
49355
38451
55023
44532
30821
49800
42346
24800
27893
44030
10287
31035
46125
49854
9239
59900
60828
2103
43993
24874
47598
25633
60872
19509
19425
19513
24812
55120
12523
14499
22026
24311
53261
3170
547
28889
48361
61127
8241
42918
61427
11057
40826
25593
15441
55790
25419
7529
23909
43936
64499
13092
17853
5958
17434
24711
2731
60979
19276
32122
46852
32126
60510
2355
51444
11495
24902
36380
48265
26312
1486
39089
54865
48313
27421
26978
30001
54783
21225
33317
56924
4619
25167
55127
11946
13897
55091
8962
3280
50925
36330
54090
44107
60607
24626
39041
50819
13010
36059
52592
26005
18564
5816
33950
22653
43207
26816
31343
43711
10492
51339
53495
36740
62932
20645
36291
38481
49726
22529
26297
14479
48290
62448
64372
42109
59800
10262
7741
28690
50
35068
37965
16884
40269
45714
38293
31514
4205
54638
63193
27254
47589
7997
64612
4584
60816
2755
40939
662
9437
51517
48548
44292
34102
12812
12655
35625
43259
34784
32367
58934
38201
56453
50261
28315
31302
27393
12978
32069
31092
21460
35839
8944
65242
8879
41803
50943
65479
16903
15723
10902
36318
22036
45822
14432
45217
7637
29132
13261
57305
30170
26691
37301
19703
41814
49015
57917
39839
55511
30983
41563
62654
62944
8239
24338
54380
59006
19331
47071
32241
61153
30139
38136
49928
37473
56405
52867
61245
1385
49907
3644
49329
14553
24875
22250
48144
56485
9936
54544
53089
44755
63279
7752
57713
63361
15075
64743
6057
58396
58936
10002
36343
62715
48161
65363
64882
65350
5131
61774
65310
59615
53989
19730
42953
3269
11336
11906
31252
9397
18239
40413
61966
7156
61014
22515
61653
22282
22256
22986
48509
48709
53710
19149
4104
25520
1957
10937
63117
44249
58531
23708
61202
2328
17831
2998
13514
22221
38529
46123
30360
880
269
11818
56652
23310
15708
48046
33921
53402
59085
36146
17971
32443
48934
56446
16359
20608
30566
39698
47049
49709
36219
33971
52339
31985
1232
16980
61780
56833
13599
3390
22136
16664
47244
5485
25351
11529
15673
29942
51819
40436
10572
12295
17537
17402
23213
60881
21620
9560
39432
436
40026
49082
15225
8064
59378
9187
31879
40022
7277
29406
16137
48881
64023
17955
25869
21479
11937
59412
38822
34400
26501
62835
45142
48124
55976
536
52650
58947
37702
22989
12109
29277
24098
20822
18472
41335
49212
9873
59395
63981
9990
29152
24269
25322
26884
26210
62997
41375
65365
22771
3675
49421
38647
11076
52738
12642
43447
62892
30026
50872
35965
8559
38155
29119
21548
43784
59651
12937
24757
26282
29502
19160
6547
59846
29442
27522
46483
62103
1704
56024
54813
38600
5792
7827
6969
59047
63097
27632
19564
54314
62874
23027
27809
50685
36807
49910
30816
38012
29494
28873
51721
34143
32057
64977
14138
53348
37817
36515
35925
46160
32966
32091
43970
61755
64247
5357
33978
22904
30927
62586
17248
28429
9541
28067
58846
6999
44407
57120
25843
9395
60186
46483
4983
11798
6137
46548
47564
33341
46848
20930
12708
32947
40175
23292
51578
15471
26503
24510
42327
64534
30188
7631
51410
40239
33541
65149
62040
3520
53613
1742
11891
44105
52690
45337
53651
4258
15251
14334
52599
33211
53414
17696
29826
25304
53640
55756
14
6368
31060
27880
15383
12494
30130
59442
11368
19525
406
14828
16198
24456
2919
53727
39124
60934
15981
37484
54389
42483
39102
55272
52621
13148
15869
3311
56460
40244
53807
49662
64851
24720
23313
3242
26620
4080
60260
24
58700
19702
5418
52465
7050
32616
18674
472
50081
54502
63923
15294
18686
42865
30313
45634
29431
18653
44227
38418
65371
58357
15506
56783
61071
12598
5314
22499
18670
40104
32527
65479
2701
33689
32571
50237
38133
56980
16066
40075
26843
52925
57350
21523
49101
18416
750
33460
61107
18464
42019
17765
3290
876
50804
45036
43151
10548
42384
43562
14597
15192
18562
6599
13141
53206
45087
65169
62367
23327
19573
14699
61086
13622
18583
42337
45903
39308
7124
62359
41558
47686
2263
63044
47669
49335
12920
25223
33118
2218
7748
43183
29402
47585
37426
4122
46137
53396
18523
54590
29459
2613
28958
25813
17275
15711
33038
21048
55110
52107
35312
51937
39745
3944
28944
63230
7986
22490
12340
3273
42767
40623
34147
60130
5069
56295
26856
31732
54209
54592
25046
17082
62270
3787
10116
49726
28578
57585
11204
55082
47472
11553
56573
32566
5657
46645
64082
60178
62239
59260
12876
15424
30112
37035
7596
36291
26937
23151
16007
38318
26960
32176
15576
52414
43506
52170
35291
41467
15783
22258
54192
15234
18733
11037
62165
37706
53115
65048
3170
52780
64249
14572
33843
35557
17369
8289
27319
61518
43657
5231
44436
35951
58767
44933
54024
37305
65245
50782
60379
12902
40280
33939
6670
26747
59067
7279
8078
28463
2093
606
26885
19964
8516
31436
39375
44412
38647
45161
292
27048
33404
22877
35065
24889
19864
24124
24753
34134
45191
46818
761
42374
41853
1349
3767
372
53893
34591
4945
18651
34959
16002
3042
37121
40823
27777
28485
55814
60094
23941
22652
20448
41616
54480
61151
36026
39261
50277
53826
34476
53266
62684
14272
52840
44664
64996
63373
63664
12399
11291
40020
27084
50398
25152
55351
29270
31977
15080
41950
27865
4279
63862
31058
59036
21740
57779
31363
2553
45341
23858
50199
47148
51859
25406
63244
1040
51850
9070
26281
25532
46153
21120
7427
14749
10545
26218
46186
65030
26894
116
63151
10938
39537
8087
56317
41232
64383
30673
62974
60464
53302
23612
25222
51588
48168
37735
26194
16999
20422
34679
59736
4616
33286
10484
16186
50262
12258
48231
65136
31761
48942
40207
42688
23412
62975
21794
4130
15012
21324
40656
37599
36266
24682
5972
25511
29126
18558
29892
33340
27739
39854
55589
54237
40301
38390
58682
63792
16821
20468
33006
46036
55165
33901
51928
28667
39354
18013
16907
23126
24043
15888
8216
27550
59703
46038
15822
1052
35716
22787
53000
37452
42804
55252
44331
39282
60913
51042
4986
36682
40922
5355
32946
39813
15444
28354
3593
21467
24695
39550
22438
12028
20415
18184
13661
2775
60182
28930
13652
20663
63892
55088
25096
57195
21983
7262
41481
53290
20775
27991
25920
2756
50107
31233
46194
16152
34049
17209
55363
36798
25951
14372
44786
39864
9869
476
46541
40336
15217
39769
28271
32853
40306
47894
58522
27780
32886
7104
18965
17391
34646
61296
31781
48447
175
45383
41197
58025
27487
28112
29011
3477
62833
19010
14148
7458
48691
17913
7679
24646
44691
6466
65271
34138
22491
43800
13764
13457
29412
32798
826
14768
17714
12595
6318
3627
33647
8080
16941
38384
6905
62437
47090
25665
33913
56554
47496
39028
45366
65134
64417
54296
4632
62945
22190
1590
51430
52635
32723
33842
24389
30158
49256
64803
27623
24295
51004
34189
22457
35948
38765
41057
63266
39826
53145
35102
49270
30705
9118
45569
16317
19881
14480
25397
62795
52481
24140
7677
17090
2392
16649
35756
47695
6511
32974
20848
37518
43375
42549
52266
59664
43934
42544
45889
37076
55362
17230
8774
31238
14209
49216
4097
22997
18733
12079
53059
50653
17723
6542
1168
22001
36803
7341
10603
5142
46569
8970
38224
28216
49478
59897
59301
27140
55799
44373
51886
45374
6700
35495
11041
11399
49668
3046
26849
62237
31952
60533
60013
48047
55623
8843
58115
36048
59367
23135
2537
40109
26664
59793
22086
2941
8017
12725
5091
3331
23174
49533
62000
2450
38787
63201
58102
7595
25956
4493
43553
12472
58707
5828
23893
10696
28557
42280
13857
33222
5499
56416
22251
15089
63054
5398
42026
12671
44913
34915
56181
22850
47986
27966
39437
21851
10270
30806
11355
47827
36045
41750
51823
43084
63590
19545
12258
10984
43945
52907
34979
45218
39634
29879
29662
1786
48898
64223
42551
45411
62729
4566
10507
43123
25859
27259
33643
29660
31844
7245
56270
7175
3216
10405
11215
17207
60215
20622
62852
39535
7049
43075
35462
32469
35585
37697
384
52927
40330
5439
42526
49376
40238
65515
12651
61319
64080
25485
6217
57467
39903
15102
61991
59191
35090
63103
47282
30659
28225
28554
57933
60882
12632
38648
54655
4335
44575
3596
58275
36698
54369
2553
16100
17989
26650
55380
22558
25298
24965
45098
34836
16463
63620
48138
52287
22684
45498
31317
58445
40284
42269
49098
25244
7878
4065
54771
57592
43027
42935
43943
36139
7615
11162
55930
49906
29340
60300
38370
31482
60925
37892
15209
27319
27196
44140
55120
24646
51362
13961
63633
29241
58575
49159
55701
64792
8650
11553
62746
56702
30332
38276
39873
3540
51678
17907
11498
55600
61797
53936
43446
32267
55250
65443
48663
40372
38105
60327
29946
9488
14232
45068
36640
30029
24101
43697
54135
6322
46378
54741
11400
29081
64129
56354
55057
41735
38764
5985
41708
11906
6885
54070
16716
60628
53506
47049
48014
34689
56831
44804
58559
46968
32288
17343
26002
10902
4497
18833
49869
41217
34804
1595
15973
58664
64913
38391
12947
5333
49388
14571
60631
29099
41262
6893
40424
59020
6749
21918
6593
2373
48513
14558
29476
3068
29660
26357
44387
33758
47554
64652
24015
36271
41562
19310
58399
1216
24435
47566
25605
44413
57961
34475
30050
14899
58414
40784
31811
44868
15485
8526
41179
7379
63496
18089
63619
14728
22198
4161
51421
29412
48254
23402
65168
26747
5730
45471
64860
38718
46539
6285
53794
26840
22562
26622
57834
58931
62075
26549
40363
33031
33808
47941
2924
32991
42741
19104
36693
33920
34303
41373
32968
26852
7200
26626
41783
50283
13334
10002
34794
33701
65096
59451
21723
44120
16777
17557
12569
11854
12559
41984
46901
31151
51328
16685
62858
19494
19400
5256
65130
31289
19642
32455
305
65316
12478
27934
28396
31185
18556
21741
7244
23814
33409
297
28424
38961
42831
25882
17514
40436
11815
712
15800
3380
20394
19664
59569
38838
30222
60316
57820
24967
40383
4365
64865
43970
25958
31322
22757
16247
37355
50172
48262
39645
55534
51586
24683
33615
65115
30541
47274
53059
53951
37314
64259
51580
40232
50951
51641
34835
42653
5995
11558
25559
4628
57567
13132
35325
63335
21673
158
17724
27977
1985
33721
53350
32929
51438
23652
58708
64177
18503
22770
5878
10691
31276
4937
62711
10756
50287
26197
63812
49291
8148
1513
44544
36375
14016
53737
46385
18819
50194
20185
16926
42049
41674
55963
60328
36505
45432
2664
8061
1928
10522
39546
47977
35266
56058
64487
21288
41167
60635
37990
10029
45466
42262
41923
49270
6279
28231
34215
9733
7922
30615
46799
43674
26796
7403
14942
58420
1043
5402
54444
51713
15548
12773
18333
30939
6438
54035
21494
38744
14094
7675
17101
7670
24341
46402
35157
38503
62506
2857
37288
30722
4816
55956
22967
22786
16091
42128
11553
11786
26103
28467
5458
20593
55624
52010
16972
37032
14913
14273
62986
54493
36684
11378
26073
19487
44334
62972
42368
64014
63599
25631
54910
56187
41310
27984
1269
52780
52957
25918
32673
9075
11241
15852
36885
9362
38984
49613
47787
7065
57692
5104
20520
19646
32790
21425
21454
7772
25177
12709
62801
17175
47519
35033
65292
5842
38253
11001
57103
18982
11160
11993
20820
37038
54229
54485
51299
14242
47306
35066
21297
53488
44624
18169
59611
28772
12586
45237
37010
65075
30872
2358
20053
7294
63636
41615
18956
55318
10455
24117
5965
44322
15924
34440
36642
21608
52640
13544
771
3363
6322
28520
25906
65509
29568
1944
3067
43849
13114
15033
52248
64327
47625
15114
13453
1818
34868
35506
52343
63671
32463
5381
7435
38382
57834
42185
44199
28042
1986
7261
32236
23961
54868
642
39672
19777
29603
61718
51067
5989
17778
23098
12625
1256
55054
24132
26821
1739
41881
6309
55407
14450
59577
40904
10571
16674
243
27081
61794
51697
33455
32202
43340
64539
14922
20861
58575
43035
18559
18165
64097
49994
10745
49226
5300
41293
48248
8932
12247
26927
58566
7308
32201
50026
394
64654
14383
9839
7599
10157
16652
42014
8407
40614
52681
53610
28836
20925
62915
356
42000
527
63764
6084
13504
29722
4513
27606
47291
22053
51460
64382
63892
35406
37314
42087
6250
27185
14947
60817
51186
49468
60115
6635
58006
15126
16651
43693
48130
41322
3564
39981
13846
22900
54309
63675
38423
20925
31290
17046
25646
38782
33573
49735
17316
46155
56131
17753
44591
64444
3450
22129
30263
50375
16639
1626
28056
36312
14885
18715
50315
52017
48913
856
2323
3252
30
40594
4685
39057
41622
13071
19056
44780
27915
48256
6602
43485
29232
36332
58929
46669
923
21690
34813
54607
56961
60633
65022
40354
6792
23526
875
48679
1868
45159
43160
40674
41850
10219
14291
19609
4449
65303
58993
55040
36369
15125
18345
50119
15390
511
1308
33889
1332
12863
60509
39213
53925
23473
23699
22188
10145
24095
55472
29365
5348
61260
47062
49998
60021
23431
52687
18501
43610
18154
3500
63587
35317
61101
10482
36824
15900
65280
15987
10766
23368
45585
56211
19286
33761
20138
15102
54491
42207
45002
41343
54147
14931
63296
37205
30645
50745
49159
25581
24857
14716
3853
28237
20465
34258
16393
19273
60982
46890
10298
13515
50941
14473
41766
4548
10679
45744
54535
5662
11643
46385
62722
1118
16715
49117
54270
47392
37934
54674
52429
34078
60785
28242
3096
46762
16149
16262
62723
25795
30345
34133
11230
15029
50855
10213
49733
20231
24115
15987
43186
49518
21694
60622
51277
45374
35606
32305
2654
33637
34133
63096
44773
54904
58448
42367
47635
18318
2869
21714
57741
32858
2057
7949
43146
37633
29711
61018
5786
57295
56765
58539
51701
43248
39275
59652
32083
3151
34899
11496
22636
18866
26701
20207
9745
51119
14921
14240
57778
13088
45513
61235
16415
44978
34273
9911
24285
38339
25484
59318
59381
62920
38346
4482
14832
63921
2515
65218
59644
24942
29957
51442
41713
36319
37370
6863
11498
18193
20635
10641
53146
18884
52149
14449
28784
58543
4125
49726
47037
48635
54938
47361
46297
26029
43857
52782
44628
5760
47820
36136
58710
49216
56876
48860
49329
16314
23108
38486
55258
24540
54094
57421
47142
6749
63981
48059
1357
17736
54573
46498
8779
8053
28418
26705
19055
12447
14911
15373
59162
59819
51949
58583
55995
64647
34431
61445
12974
101
55054
56083
47738
16094
59937
21836
6572
36516
6547
57248
51222
6548
5770
1968
12349
14436
61844
13640
4113
57247
646
37219
57914
64431
29849
29178
56602
52950
63742
8182
11527
59600
47356
6844
22348
35253
51593
1949
47855
41167
39262
4181
41301
15338
3791
31286
56638
23283
20164
29515
52692
63129
37516
57519
8804
12289
26395
11252
5570
3740
8435
12940
49741
52260
14586
31175
1168
34309
4590
29208
20301
39929
26355
31006
43367
37236
45316
23046
16440
52293
59993
31721
47709
37770
23530
60375
47210
2538
31610
19282
16407
37617
43028
10654
59875
12920
28952
60205
59979
62680
7791
62881
59756
19976
34293
10492
59002
36814
14036
16888
50134
39709
23325
26413
40037
39542
9630
5579
57327
45385
1607
34143
17705
63317
52080
15701
17310
60807
63972
24796
46971
24329
48471
52357
64637
43628
26300
29125
6273
31638
41897
7375
54158
2061
36435
1513
27238
47483
32311
18105
40708
62019
58322
48767
33192
44475
47705
1281
45548
31182
50874
27383
19513
34978
35518
56544
50785
35468
34155
48596
354
37017
55468
5859
13523
21532
65452
23076
63708
43304
54420
30047
56287
18395
52757
38153
36267
21539
62341
55272
3626
39096
49699
54788
29129
12929
13322
47504
17256
49668
22113
56869
54484
3190
31475
44007
42787
11968
48370
42126
38705
62225
45177
2103
21728
27486
32827
5308
60470
18282
12169
13977
44558
63588
17103
23974
38144
32079
25059
15103
34307
41060
23374
51706
46447
60715
21752
57336
1145
47365
24820
29577
28523
14055
38497
15601
46466
23898
24351
18964
40304
28148
38411
35050
17035
26946
50314
32632
16882
35508
46397
49388
7369
24641
16329
35379
920
32256
37440
45113
37529
35207
64953
40883
61013
49208
46895
20452
5446
5168
53328
50330
1354
24708
19673
8426
59372
63585
53572
29602
20531
7309
6644
41777
2670
38139
19601
3051
41370
5909
20262
9012
31950
2789
21516
29163
52475
29531
48582
47135
47958
54684
17084
16330
43025
60332
36350
14610
1099
51107
36002
51598
1857
3446
6543
21683
4257
55262
19139
41473
511
36006
4832
6390
57317
34032
27291
63499
29695
59944
46367
45154
16681
61280
13983
16220
45730
65206
63555
29909
40376
12752
33952
43786
65246
11362
20272
29589
64590
43619
47502
18963
64131
50252
15962
18568
32521
48046
33123
15270
53383
35469
12274
54418
41070
153
45743
59776
14243
4989
16662
1148
2256
39819
58411
61366
30036
49623
2932
36763
26665
5230
5325
27148
33137
20819
13260
435
1482
18443
29804
16139
44210
612
21676
57425
21097
9764
23401
63903
3630
29416
42943
54278
30793
19373
48947
33216
63601
48759
60120
21074
45007
34091
23295
26848
20199
29371
6177
63789
31750
9156
25344
6100
11725
40268
1436
59275
10727
591
21364
42154
45039
6311
5259
11348
24071
52338
61410
51876
37629
53465
511
50599
20087
12426
32702
62236
20968
41675
60684
35585
36373
134
3713
862
51708
5449
12333
4662
15159
21955
48053
18842
11428
23167
62185
26443
28465
58949
13626
53591
8745
60983
41781
63557
32260
48768
23208
22501
40462
61655
6555
25805
50790
37925
30740
61802
40234
35770
41066
33055
64429
28590
6719
14754
58466
5333
33119
38532
40628
38056
20377
61
39519
50323
12521
58161
28287
47092
4351
44608
38068
1776
17236
13333
62263
53736
62672
48867
7399
42588
16083
8089
25562
41992
24580
17846
5813
25838
19759
32703
10374
23877
31134
1554
16622
55461
28579
7204
22891
5007
50732
20647
60449
39254
37285
32015
27420
20466
61679
55948
57405
21059
9150
43751
21792
39781
51867
32603
55362
62391
1054
64946
36661
19477
18579
13314
51545
2127
10654
46028
48358
29531
38308
33791
19310
4361
64278
57612
8397
56204
390
24197
32859
42294
60683
34290
40681
35273
16558
52673
53582
20728
57738
18204
31631
23681
31616
33232
58871
39105
622
26328
16841
49332
31795
64025
5792
49841
20546
45636
62174
53114
10813
42858
1432
41209
49884
55921
39980
23649
36733
6187
45293
7448
22003
61029
23845
60058
29018
36224
61154
34653
41980
49725
27955
27771
53715
63742
47784
50985
6409
33288
12814
7343
10297
18752
63622
62484
30084
35830
56895
65234
5195
65181
57689
42600
8354
36653
56311
58586
21302
15805
17198
349
35868
26269
16238
3763
37465
24409
52156
29072
9326
18893
11922
10688
25996
53977
24210
44931
32451
14008
27769
20538
34186
61393
27183
36949
9704
59543
59219
19576
34368
13752
20130
8687
51593
61119
26665
22588
3823
9827
25010
44786
1684
11576
51987
20651
35235
3056
35783
26615
61383
30110
46240
4799
30163
46532
38505
16267
1195
51647
13786
20515
23189
5733
19027
48966
61453
241
2158
47125
64868
15522
16826
49353
57945
8878
38786
49108
60255
24634
26494
39335
13963
38456
38195
63971
3682
41067
60232
60499
64754
24060
13673
59043
7241
25127
10676
39937
38095
16821
47885
40013
51723
52148
49004
27283
30410
53100
52513
19700
33511
11090
20542
19566
10912
19604
28623
20457
39773
19711
2094
40972
15997
36070
26213
51935
15870
23518
53864
23966
62729
47350
13347
60027
60772
14334
26554
44390
51217
13647
37889
11502
1184
10806
11013
13440
24048
53662
24261
3133
47153
51663
53450
3861
7152
32588
63691
7112
20941
32483
17955
42368
56224
52998
10461
55709
9759
22152
15391
3030
52003
31178
21409
10902
53873
2996
13527
31922
14427
36271
23869
14010
22228
1688
50163
44723
39357
30398
51802
28269
51672
17701
47050
60673
34087
5285
45038
3999
48954
45904
62514
48002
52764
44478
17651
32250
34952
34799
9704
57946
32362
31459
49785
45442
40969
48651
44226
51348
25974
62378
7462
41933
47727
12145
44577
8826
24479
20377
47101
58014
39398
7532
4967
39465
38881
64213
20864
16502
54860
55561
48890
16770
46774
2118
37934
27911
45920
13085
26290
33059
64887
44844
9560
25444
37050
36310
46333
26057
56193
56659
6798
58295
25641
56112
60133
17830
27526
15300
25104
6973
35389
53650
24180
47347
60643
28452
51380
15610
29755
17873
61781
10637
45612
41266
46285
41334
27494
9338
44343
40720
21069
60927
50106
30535
5424
24032
47466
5775
65200
21325
57337
46687
10465
45927
50244
23703
53307
31818
36781
61291
53877
41854
40888
7136
1870
33937
32737
18344
38251
19301
37583
18540
27631
22520
16981
60521
39983
18821
32407
10713
24014
4495
54152
15439
16488
15619
11828
36869
6544
52850
64773
40051
9086
7515
31988
7702
19396
16738
56541
60635
59664
54413
19826
54883
11063
42857
20318
390
5457
36918
33622
14769
48934
21870
9195
53302
40901
65003
35600
64913
64377
50584
43347
51190
24847
36755
41721
57781
24311
45679
17858
43831
32868
4439
46303
48541
22053
865
52290
10983
17322
60661
44176
11301
15597
42700
28693
34164
40400
15067
57931
50174
19068
35416
15371
19806
6681
44986
34996
44315
38106
61328
61449
55300
20652
63303
58501
35968
37931
40693
18779
47092
32179
7013
44964
48261
49502
15462
16943
54320
8058
63349
42297
7428
47190
52111
41925
25465
16436
54753
62683
17988
578
11732
24837
37791
61896
55628
56585
56157
26885
30971
11068
28472
18002
57044
26152
54462
27557
51267
27669
30602
60811
14194
31382
31634
26174
12791
30422
54913
61236
13884
29851
57467
34158
13305
44141
51021
34812
34853
16043
29021
21798
31520
17457
16367
1367
6727
21455
59388
61159
63084
26850
40756
57827
48331
30511
54411
25530
29481
27501
45349
62602
35006
506
20915
59377
37339
17250
45684
52736
29993
47722
39345
61327
13159
2661
44832
5303
34577
49300
27145
13637
47937
47202
60957
45335
20892
31947
1515
39429
36780
31404
18808
21623
1695
1998
30198
32297
64394
30685
57724
9322
64862
43153
48845
46997
47539
52791
10130
47330
23689
9721
2367
32415
24750
52657
64848
47294
53013
52894
14577
59607
32432
31334
7300
29521
26128
4531
27639
39630
62691
23742
18856
48464
23949
38565
4435
50819
4959
51541
32392
25518
38780
38003
11246
3437
7077
31438
27876
41492
55638
55297
5674
40331
65379
38712
47674
38895
45276
63228
13639
18036
65392
52456
46715
5641
42132
24361
197
25538
60112
65376
27277
21878
25324
42861
32464
46957
37523
44783
5347
31198
64582
11055
4648
39539
28277
34618
30819
2793
39505
39415
44681
60823
65238
21066
46324
4766
16175
41254
37200
34681
55269
1115
23338
47141
14207
60271
39250
58621
45183
22388
24053
53339
43105
41582
24297
56086
52404
51344
63315
43059
7863
29151
35442
4720
50524
43247
43811
7974
13797
25576
60029
56745
48010
48696
36575
52818
61834
62306
41422
55197
43189
55521
1318
46634
32844
53907
35063
43403
59386
41111
37325
28150
4114
12132
24306
16940
48113
7136
58990
10131
5307
30521
16164
2385
26302
26654
15159
59249
41648
45810
37475
15063
31123
60556
35660
54309
65089
12424
33721
53069
4581
14185
23402
46098
47250
65320
27224
33805
50548
35913
50209
64388
64500
22628
7818
27578
32929
54776
29457
3824
52670
51168
7142
7727
56957
5848
36384
62844
41669
26141
24541
7835
46865
60956
56479
31506
62247
29923
34174
37883
4207
64640
10774
45874
31253
21621
64376
3976
46834
1130
36254
19449
49083
62677
65414
24346
36298
38380
7490
35677
11852
48596
63816
43271
62537
19618
56611
43144
2988
42569
63833
36933
27526
3951
7923
21410
36840
28268
42569
36253
43461
20009
47045
6348
11787
43753
14980
6687
31354
63413
52456
11237
53315
43449
38643
40593
11231
42494
40260
38089
3112
32324
7050
35627
9396
2810
21608
14521
3059
45417
48477
13986
8155
49675
64955
65255
53207
33132
41513
825
6785
3622
38810
38903
18353
30225
40982
3607
4295
2830
37977
53205
10859
30145
15599
49437
62544
43319
20380
6960
472
52835
60801
7233
36360
54479
19650
3704
15332
57815
24142
27304
13525
48398
34780
54712
58455
60051
3938
26486
2097
28295
25381
7801
27402
29805
21672
54945
49946
21163
50919
33518
62554
17265
20134
22953
16838
8797
50031
34590
36744
7246
56199
55349
22116
27524
9700
8041
15587
63269
29324
33967
47394
10817
18869
8947
29690
30795
58009
53937
29786
22424
8845
11367
54392
14240
45384
6126
37844
46525
60713
41740
9957
48924
19003
1575
36479
45076
46329
58076
17358
61285
22020
58278
22017
17290
7659
26091
51164
53416
618
49740
64273
61828
42103
56666
20822
37454
8910
9566
28270
1558
41470
55569
60443
47952
43320
50120
52716
21390
28103
49039
24066
64153
14611
34714
22448
50321
13628
44456
20107
40795
50394
46776
13590
46505
14218
19534
53595
46269
61200
64058
52844
36973
92
57818
7846
24781
17225
49605
31771
62823
46163
24729
34292
58922
59540
64102
48849
21247
18431
5970
48109
34888
24712
24789
28166
64030
19958
33397
18593
4016
51721
48677
34186
16955
58695
41885
20684
23511
7198
23373
12691
14413
398
60478
8138
25761
58817
64379
58391
32382
16966
38074
36952
25674
63043
46823
22885
7374
34010
17762
11249
49791
1886
53855
62501
39449
6599
13592
15845
27683
6329
29642
1908
30618
39696
26518
34248
7957
13273
43708
58674
47052
27940
59538
46553
3766
45742
35396
45130
57771
45971
55431
7443
50914
32836
8519
24047
41536
15650
35908
64253
25253
56267
52512
63050
4851
17134
17717
21117
25819
33305
2561
41280
36871
20031
55044
42316
911
41979
61770
62320
5084
55551
22990
16377
18595
30253
60079
29191
15009
32784
24785
8287
46041
6522
51843
4113
23577
33506
22460
27876
61242
22975
57881
23759
19622
63564
13305
16886
46983
56909
28563
12683
36815
1939
58751
20654
33637
31470
34945
26423
50418
8378
2030
17869
14044
28155
46186
52861
48232
53452
707
24497
41604
29311
22431
3076
48860
3665
18925
53076
28275
45300
51703
46248
22759
3935
42480
53937
25646
840
1190
54713
2813
33468
31076
11967
38504
19463
42789
47212
43010
4648
15906
48318
41216
33053
43477
49184
50878
18253
55145
9445
19691
15825
37753
24568
28775
8483
894
13288
59209
25472
34656
56223
7342
37223
12462
52546
8681
48841
15541
30720
20605
11604
7162
3616
27519
60743
38609
30077
52989
40520
21607
1811
32105
55152
52173
65097
7122
5270
58057
2403
36620
30405
47654
49682
34448
36277
18525
31346
14979
43723
17425
6836
52206
45737
49962
4821
2277
1803
21301
3171
32155
21152
1128
34108
49388
62841
58759
62574
35471
61226
52365
15522
24866
54594
35363
11258
65398
50258
16639
19661
52609
3897
20894
32778
26819
12029
20878
62008
42191
40047
11509
42704
13005
8347
7158
50531
14381
65272
27012
60920
25384
22581
25443
55730
46320
34294
9339
42655
19924
7032
35082
61816
30786
55025
2793
16025
46695
65491
51465
39184
2805
55538
64024
5818
42575
26090
58390
10471
58572
15955
43964
15299
33521
42473
55119
5960
8578
33003
21578
21036
55316
17886
41216
18899
29269
51555
36915
8007
17544
43160
10483
17471
2855
58240
21741
28491
5874
26683
26917
36975
13391
9030
65344
8287
43478
61191
27796
24743
25607
33934
42426
14964
59960
44127
48937
18540
60838
29198
57601
27610
17216
5409
28420
28633
52047
64104
19021
11804
3979
43554
14640
33012
18839
41402
64316
4933
52748
18332
60600
38433
46849
45694
42968
4566
30065
47912
45163
2387
57280
65372
40050
4624
30934
4006
25070
23036
21101
62633
37767
27992
24165
34177
57032
58365
12762
64732
57028
55104
46718
30283
9576
22288
30388
12884
17060
31605
62091
16960
61761
46028
13301
21962
56890
15354
9838
30390
57207
31763
48575
8806
58552
15975
19665
56164
25138
11839
38774
10189
7028
33604
53563
13204
24378
2545
6852
49714
56080
45104
37076
2440
61998
1402
30674
52078
63362
40051
61637
58487
53820
28713
41009
33404
28643
52778
10147
48664
37920
52319
32647
59686
59083
40264
55723
50010
44478
33996
583
49267
23058
19460
18556
54947
23390
51706
31626
50807
50806
39867
46309
58559
36059
35014
18017
11789
27372
9169
11089
30391
30225
2272
19558
29250
20129
15717
838
45695
38630
19379
39850
15518
19065
8863
37960
39144
55623
41270
47538
46099
27319
60860
15079
36811
39278
35075
10710
29621
42004
37149
29492
32280
26820
32251
27028
50777
49900
10307
54759
15073
18926
27339
29130
30150
2796
40093
39464
7278
7390
50830
28164
27159
50800
23650
4777
57777
39684
38043
5184
51420
62706
18495
17306
64114
25543
27091
51890
56292
11605
51955
64316
53252
25386
12314
1416
38914
7194
18155
62281
60036
51919
28975
21186
17471
58282
17689
42155
54150
40714
5595
20466
24212
12314
55221
59050
31965
50694
44731
60466
9143
44237
41716
17377
64941
10816
47082
54045
25827
23341
41576
56754
41478
60825
59138
10453
53908
5839
15280
39064
21605
46985
47178
1410
6168
64081
19217
44508
12363
37839
38061
57272
24087
50532
40673
49055
19831
53276
34553
29793
34941
27590
7654
6056
65492
47495
5775
57577
25113
26986
42069
15365
11107
4042
17122
49354
24162
29580
22197
57073
44832
5200
12623
12797
30972
28381
23211
40210
2124
59430
64276
5293
18546
9297
20169
10949
8996
26199
6222
45106
39030
33394
58770
7618
46193
36345
17970
34068
59006
62512
45387
16703
10742
32494
41827
3673
14186
17275
56960
24682
15237
6990
23517
45165
45587
1268
62775
17803
58534
49297
52131
57618
6214
47853
42769
57680
36173
38490
30338
15484
20778
56285
60064
35838
61834
13750
43827
36151
42513
62340
41975
13508
50702
36612
29432
18973
13914
62012
59936
56950
20973
22248
47988
18249
42421
60808
13336
56765
31158
55426
11487
18229
6716
23568
16652
15588
55404
2326
58747
51436
4323
49250
54987
1460
11683
35804
29578
17326
41048
55379
8182
42667
47191
58684
11112
55723
45424
4626
7342
24820
29624
47648
55319
1016
22304
55546
51436
27778
32335
10493
25343
65034
45642
17815
58280
4148
36522
62905
24825
34369
51114
50852
2979
49911
39187
15919
53769
23203
22732
42323
4548
37213
12601
59696
25038
37122
1088
13521
5853
55150
41587
10120
43481
30569
41421
47731
51377
37596
24448
35551
41227
25792
24874
153
53353
36904
44848
4465
58507
5932
52373
53412
42899
35627
23895
47088
43565
62727
34022
36740
51136
121
38127
2585
19491
36365
29639
50074
14823
26988
10521
39806
37848
52699
26940
17635
37948
64221
29513
34808
42597
64964
24019
32683
26576
48589
22881
38737
1798
52757
11209
11885
64671
25015
44728
57207
15336
48243
30602
38120
3567
45095
24991
39603
19371
30394
39348
35732
19213
63870
7887
18861
36972
7682
36632
23407
2499
60267
43461
7019
49259
19588
59019
47817
7332
38784
26860
586
53055
48942
56654
14605
43589
781
39831
5296
29187
45380
19544
7292
36801
28462
49401
63989
51823
51486
57177
40999
13733
45929
31001
54690
37731
8086
3577
4472
52922
2631
53141
1193
60945
40793
29895
56516
30391
32019
53158
56737
53969
19542
34624
18114
1057
25597
60370
48275
40255
26829
31606
44462
28378
10989
24966
53291
7104
11487
29909
48432
43021
59886
33267
21761
46653
56685
38574
55640
29392
64722
10033
32253
1465
8665
24513
4967
15494
17416
14172
28285
46622
35998
40541
13524
22288
47752
62147
12089
8938
6861
32668
23288
40415
24020
58103
30334
26418
11328
64970
49228
5966
46611
62418
27617
613
9672
38612
1308
27442
17542
54991
39032
37962
19876
62100
5805
62747
4239
39827
30462
32058
676
10600
13960
32209
30716
58784
32783
25467
14157
34548
51157
50275
23509
30423
45522
48693
46494
13359
34394
46891
38264
2655
7113
6667
19378
58395
16269
25410
61771
52637
12278
9572
6170
53884
11445
12105
39742
55524
9815
2193
63042
60953
46963
33176
54204
43268
64023
27432
9731
31306
11237
43600
493
49483
17276
30091
47275
53128
27937
23512
23910
26329
37132
46465
4233
15425
2934
53928
23931
35024
16234
27304
6380
34272
33269
18276
56911
14255
39435
41455
1060
65211
9463
23202
25598
9368
50945
17753
63822
40595
57908
48135
47298
5866
2112
52684
46077
52668
37836
18752
43286
58679
48570
55112
18045
48304
31099
13915
6563
8191
56433
65528
27451
9841
15698
63461
58921
59583
63289
25503
64781
53619
57872
4444
12288
28930
24986
46577
24290
13265
55939
28008
50352
5708
23778
15510
40830
37583
56949
40509
44036
29762
38277
55387
38158
2539
64944
24908
10295
45821
61065
44642
10713
42404
55200
41788
61557
7395
9288
14065
24489
8684
61041
19045
43124
1945
17278
34454
17468
2818
35021
63224
54138
40033
44146
27705
56374
60681
32580
49443
54487
152
55101
35726
2717
31441
48292
61874
51799
34239
56680
31490
62803
6134
11203
28495
49499
8615
64052
5273
49743
12685
46625
64688
64012
11289
62783
14636
1471
17211
38904
30688
27676
2240
33892
65227
43275
35061
1189
42219
35121
5625
44732
47165
64811
52444
25992
12293
51635
11381
13360
2019
20909
15511
26001
6734
51452
57855
50479
12880
58720
43917
26918
1418
36651
62008
16553
41829
8749
12669
38528
48432
1088
61082
34136
49579
17716
60686
56720
21743
4145
25009
21026
43053
49294
33630
43369
47531
46692
40250
44772
60478
13424
32536
61729
50084
37277
48448
1826
19703
50796
58716
45780
52001
2845
14710
44947
11435
30030
22418
64878
49047
29900
24577
39305
35226
48563
25973
65222
22822
4915
8262
59184
23519
55272
43210
4410
53148
51388
35141
12313
28080
18918
47109
13584
29797
10182
12381
42859
49541
14577
48206
47397
61475
32006
14966
8600
40678
19688
5291
613
54102
54044
2363
46720
17316
39085
31011
49735
32243
60957
39648
24976
25606
25409
20514
13385
48227
29379
15897
22380
8715
42768
4260
71
30010
42552
24231
17985
60112
38925
15276
57761
37387
35564
38411
40346
335
26864
41682
25621
34233
2643
36797
37322
11798
39031
60866
7985
7164
18018
44176
57818
42214
16447
10076
55892
36690
25306
52344
27824
36265
20046
6924
64710
40214
30500
57248
34707
40984
15310
17400
51018
22219
44907
10625
40257
6702
16189
52979
38460
52610
40107
37573
55013
33788
58337
22856
56279
14077
43126
21540
54731
53298
32240
29351
53044
43338
1090
54899
30626
10861
27917
10815
26210
50513
47980
6590
61594
57476
55156
13437
59786
40060
20736
63562
27844
19061
50088
53988
63696
42220
33915
3226
21971
21239
34862
35565
962
56759
3560
48871
22417
49220
43725
49853
22930
35513
60816
62297
62003
31655
26805
10364
16779
47954
16476
37887
59218
35204
53150
9472
25586
20768
41725
46520
18691
2265
46490
37585
40456
46242
49005
51151
53665
18676
17878
48611
22505
14322
24876
59338
50871
7064
33477
48060
9456
50879
6675
23175
52690
42479
8963
24678
45480
28861
39322
14182
9686
65307
1762
45339
20772
4568
498
53209
15412
1626
24284
56237
42285
30611
57345
8068
48414
54136
27760
51300
23262
33169
62631
16727
40414
46159
30829
62184
63993
4640
7349
58051
16984
63099
16072
20508
32605
21697
50350
17627
2274
60885
25454
42017
59480
20203
62611
30355
63760
4539
35520
17335
18998
29246
23882
43627
59845
1985
40332
61878
5747
27017
24798
32598
46565
14119
2872
48247
1491
65189
37025
48617
9623
2011
23978
54486
64666
42052
29849
25686
4298
2402
9091
6721
38009
4236
61712
31407
38531
27796
25279
52890
58931
33113
47661
61286
25131
36694
3317
58720
13161
51734
20474
9859
12269
47694
15593
23558
1280
18711
57421
9632
41190
30900
18136
54851
5014
28212
64373
62722
17514
7528
51675
22890
24895
14043
42933
21530
62296
14609
30864
58891
51832
53291
38399
42812
14868
30712
57159
32831
57944
49037
39846
51467
49264
4909
20186
32128
14832
35377
64340
30140
45384
24870
26000
18347
8304
6559
48784
47496
15316
29448
2879
50547
17613
45093
46272
37293
57343
22422
56605
64079
47013
16593
37411
62544
16121
15826
9528
54456
48473
48032
15942
18636
52862
34287
11490
2065
8452
35444
5480
22942
30453
44836
1242
61110
25184
38598
17585
22723
51680
28635
43644
38355
1344
32940
35284
2614
2351
45595
6105
31789
1342
4351
50956
51466
9423
8128
63607
40918
14822
33461
34943
58714
58826
16535
53947
9692
56521
61362
54512
61676
43180
24303
43761
22395
29365
5267
58350
42593
17605
36939
57268
14103
52056
59310
5773
56667
60624
46205
41052
54231
39802
38169
45978
41935
32446
55221
29658
29575
1664
48584
2666
9879
7944
51460
43219
21810
46227
10037
10023
63058
42380
46257
12790
29404
64546
17089
2595
25267
603
21772
56476
32908
45111
12945
18114
20039
13193
32764
48631
22661
17663
44213
44043
34912
47961
52326
26027
54318
60155
10210
27298
30294
41764
38400
37943
5065
19254
38022
13085
2435
63804
33000
46029
28555
33277
39583
50276
60838
5472
33791
64587
22899
31550
6558
50847
42642
24478
65400
5174
4604
36853
9965
23927
19001
10411
32648
61356
25606
60965
28779
22267
3094
40100
17813
11349
9190
14064
62881
65080
35694
60593
14035
47476
1991
45725
18831
62021
30579
25551
2115
26994
5140
36643
40043
45958
20564
17632
50218
23807
24405
6014
37346
58274
29463
12136
45399
29339
43999
24794
17631
24334
29123
34391
15358
17844
31577
49872
9150
47095
26116
48386
42995
45024
33285
44818
48104
49644
12785
24468
18775
33064
19629
38579
54688
23165
60313
61708
14696
30504
19466
44083
17224
31074
18414
54751
64332
48136
13467
50583
8792
29646
55941
50088
40531
20133
31388
61425
41810
22854
52971
8278
57894
8618
25343
46073
54564
47510
19782
35836
43277
36728
16460
17986
6545
19479
16615
22357
17261
35401
2770
34969
13574
65119
54607
17920
64752
20703
62399
43642
41912
12998
34966
35408
10996
43171
60847
29844
13189
17009
30897
12571
63244
36296
59565
41128
64678
31924
47687
6871
22277
61699
42032
47941
4832
2981
57584
38057
14728
27961
9301
23502
54241
48183
30883
5691
25840
35672
22430
26836
49759
14814
43882
4860
48864
54618
43879
29451
1650
53869
21557
50167
2939
49249
35013
38725
25742
7419
59794
44299
64281
56581
32957
26303
24406
63241
19264
22360
10280
15428
24299
55605
37278
48035
54936
2263
21763
37433
39689
19937
17411
52167
52272
49082
22352
32724
11560
3330
51659
5743
15764
9379
52540
52277
32082
37608
12300
57230
60199
31136
105
18200
60452
27412
53524
29978
28265
52341
4072
46048
11440
47307
23726
7006
14140
55816
34285
24164
34923
29685
48063
5906
1591
44451
43598
48383
50891
18186
28672
13438
62108
6212
15251
53734
46299
32847
41802
17581
58851
31839
3007
49193
30310
17360
22043
64279
48293
32604
7160
28418
63698
34575
11441
28369
31711
54088
60305
42891
43523
23101
4515
63867
15361
53205
26663
10334
21062
62378
7935
30608
41183
35186
54913
56860
35854
4468
20625
61035
22282
43417
28487
28821
18978
43622
11344
37329
6991
35637
27020
44
40322
23202
51224
26384
18619
18253
19725
32835
13696
18920
60023
41685
48435
21489
58602
23492
59311
18028
13781
22007
30218
36360
37594
41551
11104
21021
3269
44425
3515
60593
9040
60775
63174
42344
9102
607
36231
51718
1149
15465
48159
22164
3541
3423
38673
51778
47363
38764
17784
115
48224
49555
39509
5582
26095
40166
44687
56077
9030
54603
16106
20262
25657
43636
36606
34761
34179
10832
10066
28644
28304
12022
36880
55972
7068
40702
26161
18423
1411
35102
50056
19852
27680
8505
54764
12935
12935
2269
51570
59355
47719
35615
43001
36876
52137
24784
23014
61942
26943
1011
26422
50972
53828
58066
10629
1443
21154
44689
42275
41235
31866
35240
49602
8327
34542
13743
53782
46755
35360
21293
1962
59478
41663
480
43138
50710
62143
51812
55045
20393
59776
20723
62484
64232
45139
49035
50174
33335
4447
31033
55345
27392
43807
6462
32627
60667
22855
23303
116
31061
63401
42718
43984
50326
36649
9948
17143
21474
36275
5645
4796
23358
15210
9168
31361
21652
10670
52412
63006
57054
15617
22966
1957
58028
8432
4407
1821
59815
12390
12477
44885
36417
55794
32230
17775
33138
45799
36137
27316
17521
10838
64792
18623
56496
23030
61555
64875
56551
14998
15056
18658
55335
4976
55056
11945
47102
21372
48408
51680
24334
4592
22433
35684
32992
62946
24536
56801
2073
28393
44550
50729
6666
9066
42477
33424
15455
44329
34669
30798
6886
45492
10444
3534
62074
53768
52324
48512
47687
27404
28061
29537
41218
35341
16703
38868
19963
58797
19699
52385
62826
46872
64046
41294
28063
64886
15134
27589
8155
62782
47605
12451
42194
20041
11765
32802
3956
57382
21386
7171
42200
30283
26426
13679
21713
869
65349
25294
52170
26763
2444
58225
48811
21824
14422
10953
37798
38166
31336
43344
43602
43836
48520
115
36019
50075
35620
4356
54729
39193
38969
57206
28728
60615
19289
20366
31509
60449
50345
36150
50224
50600
42028
56041
62956
43164
2918
17585
56792
41978
9008
11556
26557
10505
34670
59064
4101
3053
48266
38784
64789
59377
23884
9674
40281
22004
56557
17124
53381
33400
63153
29135
7569
4240
60889
5899
51796
61079
59338
19350
20601
23023
61807
21883
34296
41086
1045
14547
52353
43069
39769
37903
4849
29532
63549
39949
30121
32639
572
49417
26422
2258
1621
21792
236
41369
28480
1522
34352
62459
47090
14850
19410
35605
20054
59565
60801
60883
48384
61236
36343
32103
12526
61259
50801
63631
42908
40647
8578
22266
1475
33452
49543
42418
22045
47400
15315
54250
45636
52672
15092
22183
45314
63193
31044
49055
42862
58335
21127
34157
16316
1800
40010
7255
61895
6477
35062
15730
2399
65514
49202
42837
27039
46995
15532
27385
62828
4155
2349
183
50917
28251
38101
57693
29281
62934
864
43845
45969
11603
33461
12387
50581
59957
56915
4429
35624
29603
2424
11757
56178
35870
26976
56136
37441
60948
46996
61884
53388
33054
53749
48034
48514
28455
37967
58721
10
63580
23826
55141
32056
36608
27139
60694
39891
62111
1823
27136
9327
57782
47876
34069
21039
40837
56015
56938
54925
38842
28607
43920
18303
27119
47109
679
45142
13395
15169
58931
65114
27297
60042
16551
23228
41384
46999
23561
16904
49645
8990
59407
42809
50540
31584
3003
3763
19748
27595
63031
53348
10800
59869
1117
13392
41188
4118
14472
7374
52192
58215
52381
11216
59414
24545
51299
6587
30166
8693
31728
30631
43603
29517
59191
15477
50933
18108
52167
6855
56322
46413
54922
18149
2607
7971
58643
37979
13932
21514
11547
11004
18729
23659
47451
5990
7676
9238
16030
19949
8846
13634
33568
39829
25352
39382
45162
41345
43842
33094
48389
57780
32510
52105
27113
33618
39764
20196
56293
43155
22343
34206
34819
64668
953
12030
44891
59566
44353
50391
35099
38789
32896
27446
65070
27209
51868
27651
55518
11075
2009
48374
47212
43210
47630
49484
23615
42094
9891
40025
25166
6444
42310
1061
53099
51276
57877
57046
26613
19955
31593
23980
36109
17408
9948
43777
56988
2452
33186
35039
2156
63548
20339
60061
18308
10345
46036
42741
31293
16559
2412
21424
51980
23586
24682
1064
49233
8708
36552
57952
1317
63022
10278
6291
24313
4035
23295
199
33658
22532
14669
10867
59848
7598
1907
21208
38088
10399
40889
22561
64421
15830
33047
39492
58742
47533
39179
61947
1934
5186
53439
9814
24295
19576
37719
34772
40224
27779
20479
44179
5318
49266
45546
19069
6106
48241
22936
36485
51201
15473
6218
7763
38506
298
7303
44214
48638
54906
16624
31455
46600
41851
30215
52533
35797
13761
58781
22658
36914
7663
56355
50648
39280
48749
29839
38266
40017
21337
20398
38244
62084
59033
15305
17202
59852
30837
57885
29482
36832
54340
45942
32194
21894
18012
45719
62448
37655
34964
40371
22211
15785
45766
7471
47731
10238
29754
54320
20940
54105
57914
26682
5832
60049
51724
64598
750
50170
30635
49746
15092
793
7257
29438
39047
29597
33757
9264
24052
59200
29692
19448
24826
63421
18912
2315
52075
51958
53303
44274
56524
7427
22170
47273
9218
4397
62262
23934
60034
10235
9638
7164
44696
9732
43895
5004
31072
61005
27755
6206
29708
17137
34517
17024
50866
37996
21378
65089
64847
6361
3619
44133
13447
22362
20894
29946
33420
41364
18245
44550
29012
32384
38861
33308
17880
34165
12650
25016
52023
47739
57933
4500
43447
46242
6386
12250
53648
31038
28975
4079
45605
58810
16240
32105
40731
22361
56756
18768
29571
16175
6729
52472
28231
7313
27778
10309
12920
10593
14190
13898
9549
32551
40738
52646
52703
30172
54923
20355
13915
42572
23146
62148
59062
46358
39233
41283
39717
14713
20142
22942
18655
26742
1658
1290
45130
47038
32924
10973
54340
48996
37418
54070
29633
43358
50972
54157
11154
41637
44138
9537
13601
33666
10632
52414
18894
20099
30575
46957
41870
36402
11017
23889
48598
5024
34125
16112
12394
9347
17508
36548
55852
15520
31558
50279
17094
35752
16407
3041
61097
63307
45176
15621
56909
59375
46582
53699
34727
58280
225
33230
36931
58043
20239
45921
4537
27903
4553
56099
44997
16230
50631
63377
10413
22058
38275
63109
7656
52026
56762
54371
61340
19051
3309
53660
26886
30851
31964
64986
35698
9547
32448
53248
3223
34327
56561
16986
55447
37629
34848
59815
56160
9989
16106
47304
1513
23086
549
28551
43647
4077
22212
4321
40819
9238
46021
60836
31963
9780
22367
23855
62780
7785
51351
36647
63914
26019
7664
41403
56252
2395
927
47675
50438
27741
45801
38250
30634
11918
12239
16934
60676
48396
43375
3245
45184
30076
26251
26709
13717
10696
35249
11784
25327
8532
33090
43879
56038
43308
49808
46089
53613
14946
10032
62722
36684
24067
33583
500
19357
7534
40265
39192
8039
53963
56514
11794
32454
16481
33619
36705
59161
3601
15467
6420
15207
39616
49762
46089
57232
8820
52384
22798
41882
26355
38383
25985
56721
45326
46241
47961
60107
28557
63356
49822
12936
5044
59142
19238
46034
6452
61276
1991
40162
7256
40560
64769
13350
60318
54301
19812
35239
40491
40733
64609
15846
34788
65214
56164
27010
9048
33706
42627
48900
38729
23035
50431
4386
4128
60022
58516
53435
34677
29824
41998
12840
39514
45270
979
2277
31071
54719
55518
41825
25888
54936
18767
3760
39890
20953
25832
23368
14550
33825
17167
25251
64394
37604
62552
31194
14933
15196
11042
61792
29007
38355
52217
65263
48405
28664
62017
6967
32606
60693
63520
42887
26633
33771
56164
34988
28534
56275
6877
48274
24758
44291
11362
5228
27668
43305
18111
26019
38895
58731
57101
61027
3035
43825
47654
25625
13547
12655
56722
12459
32337
60106
35299
9749
4605
48855
56196
11349
37242
43022
14487
23355
39907
34639
11560
52260
19169
10213
28692
6401
33395
58305
49193
53474
62237
64488
59066
2738
25136
44538
1065
20434
33639
49524
37234
34762
50623
20743
32471
28836
53931
3571
830
58853
53016
48525
61726
53958
39465
42927
24014
46046
6896
50433
17176
64694
65362
38070
62854
58737
29585
25247
51588
5266
56262
23079
9729
26694
42980
41523
6705
48923
18779
26780
20191
47847
41528
2485
57183
16816
53776
16895
41605
59427
8632
26168
26968
20010
48875
6692
24653
38686
23872
28446
3276
50904
11442
6684
37941
52743
26353
8805
13807
34083
12470
5118
30437
47949
50813
34160
20225
39486
30456
40683
10022
23019
44959
25193
60883
51419
21556
58422
64996
318
59784
27881
54362
53224
29789
47428
37194
1148
33094
53513
14932
31553
15394
39855
10573
22268
62882
40334
1013
28285
19203
40128
41251
1939
4068
23490
31805
64988
63001
51134
57275
49493
41991
40619
64119
20005
52388
5369
46850
37948
10973
34838
43544
23867
22091
23650
2218
16513
22936
444
57117
53251
23215
30744
52860
35200
64450
43555
53547
49089
58852
2889
6201
28848
54475
12947
59186
12073
3263
49165
36826
25847
4310
3433
26491
23206
13492
60520
36067
25785
39256
20652
63240
12653
59497
23651
6648
47835
28119
59656
27561
3787
36967
2685
29397
19524
60025
55672
51499
53168
54279
2680
54161
2211
46381
13085
8418
54602
21375
10701
1333
39115
11593
28563
26503
65345
45685
30101
7717
24555
53532
36659
50039
55599
35375
57940
48265
22137
58489
2143
31256
20604
2411
44374
17142
51799
22376
14219
2238
14602
200
5344
34002
28384
49828
10075
47130
7728
46223
25699
57802
55914
57043
50035
56755
62755
14136
8625
2695
23248
21773
31441
11371
15778
43305
4561
5865
30522
21938
10904
52734
27516
11578
49757
34872
27728
45707
46490
59149
7410
43564
54279
14695
60934
8192
58275
56543
21678
29873
25504
1191
58152
56806
44586
11818
21621
57694
13799
3422
43438
6088
47749
58856
49782
9050
63450
18954
33489
4780
10451
50095
38372
2892
9539
35683
57789
34872
16855
51104
13953
22307
51278
21227
64206
55898
29300
9499
35349
43691
45895
38107
26716
28362
38918
45296
24216
60744
52665
51379
1521
4495
51731
6568
16326
5700
44703
10810
25208
32368
3102
25320
20303
31679
11428
13832
56072
6022
22982
19247
61622
32965
49426
43631
18252
45047
34953
28182
37232
50170
34166
59820
15553
16953
11448
24815
59382
23027
29938
53774
19486
41848
4072
6507
62279
5411
38677
39512
56080
56520
40634
16168
28754
15443
51682
12518
18138
15075
24064
24990
6847
5387
26246
51628
38046
54384
14957
26633
14983
12395
49848
55729
60884
14700
44605
20793
36308
57822
15135
4388
17226
24480
38077
34601
46426
42905
16337
1761
3052
42783
12322
12332
58965
36603
27089
39409
65484
17613
58588
5047
62536
35668
43149
40236
10139
60682
13273
37402
22088
60284
43682
48571
64460
55456
64086
36165
40809
61266
60199
12541
32709
42504
7543
28414
54098
63324
8710
26271
60505
21463
25545
59960
6185
54024
13503
61246
45664
35166
54311
10012
61642
52564
50428
10186
24559
40606
12438
22341
18090
45696
6416
38625
58484
46279
13389
11763
63778
8417
14734
18174
51015
30159
30425
6880
28579
19269
57765
14506
19082
27313
15503
45948
18815
57356
35343
9424
3797
53866
64131
2331
37428
13290
40463
15073
56615
59600
9644
59278
49592
32869
38962
30592
22343
43866
34312
50933
46903
37484
57249
15870
34771
16405
46014
59422
13476
52939
691
504
42587
18060
51406
17650
21894
58527
64198
65049
27061
43186
11104
64666
35391
10067
8938
47994
38979
32847
5115
6527
64392
49700
62381
55864
19431
39458
41850
29305
59919
12273
13438
16086
14258
27808
1778
29272
36842
36918
11117
48370
26958
23282
45270
59512
349
23929
44044
60410
64968
50719
45794
50324
17572
9183
32309
23425
9450
3442
12395
29415
22745
55424
37793
61124
27833
43380
31084
24008
50861
52535
21283
16789
44297
31887
4469
17531
58002
38709
42829
27112
12930
3846
42163
7816
24223
14546
47995
51954
29789
39374
18155
30393
28962
26263
2110
6287
40507
22125
54123
22052
45041
25810
38322
64951
39094
32792
20261
16939
3021
62245
24815
4570
39885
50300
2698
40848
26257
51596
2708
29014
21448
33672
48871
48497
9163
30211
6698
36258
10761
16563
60441
62315
41551
15674
62833
21779
39137
55033
13091
24864
24591
40574
57920
38125
53338
22600
22447
20013
24154
9679
65387
18436
44030
65210
6538
5842
56728
23433
2099
11902
2343
56120
316
18660
54877
14789
28791
37299
36271
28802
7915
39307
38404
26558
59471
10391
12059
57210
30112
52805
50725
769
42340
10451
36490
31492
21025
64268
32559
4078
20585
8854
52083
61017
17960
51833
37386
42078
35990
59388
54167
23092
516
54819
17958
39638
21598
29490
22413
24005
25016
62885
5737
41745
60819
57955
12558
5688
16792
15202
29557
65310
37647
35510
190
24498
53530
42794
1075
29848
2764
46362
37574
52474
423
35688
58105
12390
13979
23857
26871
7486
6384
14924
62036
38031
39774
20809
41740
46272
12722
23643
25337
63826
17659
15665
23590
32939
23578
58107
44000
21993
32658
25718
45020
38708
18794
48038
767
1099
4866
57626
16498
34999
14743
61856
4107
20979
16620
7285
39137
57749
19936
8621
61381
9257
28212
22066
11631
25795
18559
6691
26901
28543
41290
853
38213
34628
40634
36206
8129
23897
44594
40377
43744
5731
8610
37571
31240
62641
43167
40232
30659
2873
51335
12479
4416
22778
65454
35199
14892
23407
34631
20520
39363
4509
42626
10888
62619
29590
15263
28487
34517
55022
25793
40664
58718
26688
36719
32144
58834
11818
34035
50827
426
44542
54413
16179
5856
62734
11969
33398
7442
32716
26157
32781
27428
51926
4468
18719
52539
5101
39018
23956
44473
58512
61854
52406
61215
18766
3295
7435
13311
61495
3924
14340
54793
61806
44455
24683
46449
11650
1993
61836
32824
21649
36105
23081
51154
9334
37144
42470
22272
63391
61364
18493
10446
23403
16708
42034
50262
44562
26987
3178
8827
29875
10932
55269
40507
43256
3131
5301
62257
16937
52272
36593
59275
55080
608
35943
55286
51133
17960
26297
32525
3041
47968
2298
8606
25801
61631
30090
61173
3246
54876
57318
3715
27943
4912
47815
8285
16966
30507
56875
34019
35932
17665
56535
59259
44174
61528
18629
46684
1659
21831
36299
2688
12441
62948
17958
11637
17011
59471
23176
53152
41543
62692
13257
48606
1867
53025
9620
23804
34811
20562
60672
56747
6214
32431
15593
29504
17229
42798
51984
38453
32243
65323
12746
37445
51377
32487
47671
63698
32962
23241
8596
46443
4126
42598
27738
22918
7773
52651
62619
28375
23162
40668
26804
19439
51273
29455
42463
64865
6944
43658
49265
26258
52184
44186
14231
63038
41834
51817
43826
16079
51933
22565
28091
31966
25653
26260
14140
29065
4506
7980
39061
1811
7017
34190
34003
43689
54636
27567
4151
13473
884
21864
56277
48773
5660
36181
61617
23521
761
33853
42920
29848
13024
56336
9352
7640
45387
26412
33571
28843
54166
41358
26282
60121
50707
32632
62095
27218
7280
15843
53357
26379
61778
21931
48538
7578
11426
45654
23865
34054
11218
57234
8863
39718
20486
6628
61623
53494
33089
33527
40399
22716
27354
16996
50205
11714
41363
21523
62816
39045
63433
34745
30261
8650
38197
6489
16980
39258
18039
15821
18756
59930
4697
4459
28830
28103
52220
56895
10800
7797
32575
35531
32462
44949
15185
24608
20421
38913
49124
33531
18426
15130
33612
19399
3950
8143
42211
41926
42654
50611
21861
20913
1819
7343
39861
22500
60707
14104
56329
9918
15282
44385
8619
6979
41059
5377
22227
18879
4320
27202
11869
16800
19771
2938
35658
32468
61509
45674
20113
60769
55543
2511
63636
8426
32979
36586
27671
8774
5552
47943
49515
44823
36014
689
61825
2330
34369
28592
45716
37972
19434
40241
1656
63613
40873
4386
48391
22954
43153
64512
56542
44810
49205
42820
46832
16662
23866
30255
53446
38159
48337
18913
16068
25854
8359
9032
37065
48806
6868
63269
11620
573
5163
46769
31847
20444
17061
20529
52478
9365
61173
11899
2062
54020
4282
6255
52317
13571
54242
55377
39177
62579
37560
26708
43505
23613
14779
12511
18645
14480
50734
10630
51779
32050
53980
63026
44168
896
46947
51231
8640
5673
52005
38464
49433
17692
16302
22389
23895
929
63982
60163
51897
7935
39432
48132
63328
18783
11044
38008
4618
39576
51682
62575
57705
24739
37232
37011
4061
6708
25699
53654
16177
8072
47490
24474
27520
61196
57725
51181
23185
19736
31012
39406
43975
37318
24742
9830
37631
42173
5441
29380
35148
47232
56118
49195
28935
14105
9198
47055
39662
6433
1338
63756
34867
8068
38073
413
34062
22274
41449
54256
54123
55882
54457
65450
46193
19015
29865
11842
34648
6975
4649
21399
26977
9991
2957
48966
40000
48331
24731
12368
1800
18500
41008
57598
2323
40211
31615
30587
22174
43353
5707
40350
4885
46969
21085
64100
33135
35215
49676
37643
60645
14358
56684
24262
56325
33535
14937
15451
35282
37194
56846
239
49851
53514
20379
322
18169
50534
45768
46888
32970
3518
47642
13889
45008
43550
3417
31863
2269
32084
27984
49202
27571
49642
60211
3676
11583
18385
61216
53884
60670
3776
15298
31459
25856
44803
26679
16174
42290
30104
57769
29141
36112
65453
52564
28620
42483
17786
57192
28089
26496
63544
28586
28941
53643
54487
17408
20947
62510
14153
9325
50730
60201
57099
2374
54034
33242
38454
39498
37985
65447
63713
33557
55488
47351
24215
26907
32686
63157
51640
8834
59364
28865
61245
10390
40162
51746
24462
63790
1880
12737
11709
39648
13142
37229
26422
3648
24824
30664
13176
1219
9848
34869
24866
61048
10535
24543
3338
11314
22242
79
49543
42779
12046
65380
42485
24099
28231
13999
12208
27699
864
15775
33159
46599
40893
25473
61495
58113
14587
14783
24989
51645
29177
35924
11081
10194
19335
21117
44680
39311
27464
29851
22319
55437
8544
57275
56193
57262
34976
34000
43882
26225
49764
42533
40242
61306
4207
16578
63967
3539
19553
57275
7582
17036
53616
33454
63310
15115
22587
1818
60276
16043
17649
28935
36613
12316
14036
16824
60843
45129
22245
34699
5968
13550
34164
51603
55912
20734
22508
48428
49808
12478
21231
39185
64136
53128
4256
4197
8723
5350
6621
19817
53070
21763
13594
28171
17295
47931
58697
16520
47946
27017
56612
15878
60693
16842
50193
23082
61221
49553
14323
37813
