50495
21503
57004
46131
17071
5795
25500
48431
12892
14078
20431
62664
37885
56348
33120
60751
13179
30338
54733
63538
6503
42562
26049
26057
44128
30756
53311
18403
47983
10182
640
64762
234
26531
4890
38340
1863
53300
26054
12046
53649
9945
48195
6603
64863
51092
10597
16288
49653
28030
44597
13949
61809
42790
24715
36903
39200
30201
19912
56149
14359
44979
58062
59631
37101
56480
7430
10085
11
12562
22184
16725
22781
2417
63891
47494
36930
62977
60178
37138
851
48734
58439
25892
48546
44462
4372
52707
42985
25320
58276
28137
16830
30456
41430
40423
51080
558
5335
14135
24699
34243
7941
51162
13187
57192
31880
17389
42680
14858
60470
45961
24238
56521
31991
462
50420
18775
46831
2774
52189
31773
6586
26908
5403
17678
36194
40439
61423
2027
31024
37857
48563
61441
28716
56514
37802
13302
12221
23872
65089
39794
21352
27744
10353
51259
18789
4528
51907
53305
6222
29989
16437
37900
51466
23721
18340
15076
4805
11381
39503
16827
30098
37434
50773
60966
48418
51867
7471
15610
30040
20376
29736
36193
24177
12938
59542
40792
47793
14637
45669
44772
15103
30731
49754
2282
53170
333
30692
53497
59380
3584
25235
16263
50168
41403
38537
47989
52708
33481
9299
10680
31597
43320
8497
19749
21210
31999
33226
21823
19329
62015
4
37113
7971
34171
31731
29583
63149
4680
10508
62978
4126
62495
65394
57966
37168
38290
61496
59958
63191
39215
29663
61082
45341
45084
16041
10129
41355
9737
30687
56660
51811
23219
42658
40727
57270
33722
59495
24679
42985
216
23892
11207
19147
12728
20717
33519
45314
37188
18174
17772
57776
42275
54855
2131
25766
17052
58005
51038
4108
25835
10020
37016
28139
6155
21230
1702
26347
32663
29748
15175
34712
21259
51685
40112
19459
2701
49763
36871
3000
47896
21586
46610
1776
29442
48308
14629
15391
33994
22372
46761
14064
25506
56681
46871
62762
18133
41747
24456
9394
37026
26796
40288
60246
25044
49893
20932
52887
16119
61162
51053
38475
38558
16255
63778
11234
37133
51242
60387
60347
20059
33862
3592
44428
63424
58178
3861
18285
27013
5063
62104
41645
52851
16168
51837
16338
7333
26299
5381
12270
18048
2506
33032
17127
32294
21072
51095
60123
63152
27649
44843
44745
37419
61340
59583
19447
7440
9610
14345
48563
60622
7230
14402
60466
19827
27916
63745
56848
38012
52412
18049
37541
55058
47884
18064
18504
53804
7081
40215
44698
61468
34099
37148
16706
8448
32314
52646
1756
52487
14866
43733
41357
12115
26733
57485
63060
49530
36852
3868
4190
44089
26414
126
39269
32910
53821
64220
52952
57006
18984
27487
7213
2013
62784
34059
18961
64663
57613
47554
9077
33480
6187
264
45162
63527
33400
39750
60883
32567
15469
7544
13029
65308
35817
25251
56817
42982
3412
56364
32886
40066
39957
36118
9192
23045
18277
259
22324
59279
55342
27620
43839
28045
20394
21350
29102
55253
30324
41205
14565
30372
20180
30356
39810
56155
9557
12488
45399
21573
5371
13421
55483
16481
36285
5064
60330
10450
23774
15858
12164
8561
14058
27233
51988
63988
43307
30567
10184
35666
56334
12930
58098
17137
5261
65196
24208
38880
54211
41970
6969
20653
44814
7147
45475
22631
131
7334
2594
63401
29193
32337
39792
49661
32273
24948
42668
24801
27860
2941
32909
54800
12107
11931
9721
58391
5440
28549
7950
57808
53174
23486
4520
32231
13492
18432
24811
28752
19882
37430
14999
44358
16531
14468
56044
29209
37384
60240
41004
49122
63250
49421
6536
25710
63781
38658
3065
21958
56840
33457
44603
64395
27796
41201
43628
15968
57337
16326
46049
19059
44142
40147
6947
36064
45816
60008
33898
49767
31276
59905
12233
57257
32535
11304
50929
3477
7748
43670
11994
8278
35725
31195
48536
49389
63034
4429
43777
19002
24152
55897
7876
14525
20353
38588
5702
58179
13767
54234
36868
24027
35021
25201
57217
2902
32512
3518
24999
34724
7512
19095
18283
45777
41515
60627
40912
4632
54239
28068
47546
22656
25440
64958
57243
42668
42686
26266
65238
52710
41790
31919
10689
27309
35810
19238
53169
42284
53889
62300
13244
23012
3344
2312
37240
35963
3513
49050
22573
61646
12388
28130
34610
59762
59183
2254
4346
29515
59326
43177
23023
41413
33251
16798
716
10925
50957
64725
45088
31471
12576
9175
30759
4962
59734
8589
5440
15520
884
8316
55117
5679
34876
49222
63027
8805
26542
53522
53408
58844
32478
45554
22783
2982
60247
3495
12709
64477
55229
12184
8069
64191
59024
16653
38037
167
23369
14753
36522
63005
12732
19677
41222
30388
18389
19118
29314
4166
62719
50098
480
35525
6628
17198
30435
8360
30987
14512
35985
23820
10954
45130
7101
62455
62622
3121
38985
37893
50386
3728
7607
4952
46437
31218
63960
51824
53910
57777
34425
8820
44956
2876
57608
44433
35127
30683
39418
10666
22711
20189
26249
32812
23177
42561
60793
134
5390
297
2679
56926
49649
20120
34324
59545
1537
64096
516
16550
14301
37796
25484
13558
58145
39789
36870
3244
42309
20478
2051
38320
24797
11863
29253
54615
59357
64734
52215
49833
6202
38950
41387
41231
48907
31224
27092
8313
25330
4252
63528
33934
27099
44509
19186
13028
36268
58799
43788
44512
41991
3029
15852
6097
1823
753
20676
16115
42711
22647
64352
48071
7580
35675
24075
5662
43732
22540
17690
26819
60436
12025
45238
38169
21937
63403
53847
2431
3265
51385
34365
20446
41822
2030
3015
28361
55321
14855
40515
41603
18617
53458
58644
36180
56806
53835
64146
54909
64081
3516
40993
50174
60439
1173
41964
65347
52801
3888
875
7814
56080
52539
50935
1623
10682
29041
24758
55499
35393
43009
38960
29266
65318
32407
5724
41076
51173
45703
28596
36785
8104
23435
57529
30169
57104
48947
38972
5729
17593
16425
35682
65040
31060
20872
45436
9972
29126
39448
54601
51268
41398
33971
18287
11052
42149
3765
55736
18070
57202
22032
32784
40253
62997
9551
60978
26242
8243
48204
53710
49669
59797
47926
56964
53885
60759
27998
20286
25233
25178
7410
1988
17088
7732
49380
23818
64399
10395
23880
6683
50745
15295
64057
64830
40541
45043
45411
31296
57147
54866
48880
32376
2205
46463
6961
33805
23355
63923
15768
8105
61100
57413
46915
20957
26932
37517
26220
4037
22418
5824
984
40074
40278
41624
29227
53332
22573
9945
30699
20364
17252
42480
11097
38711
64689
53847
57521
39385
12470
48198
39403
49879
40799
36829
15598
6391
46884
10446
60389
52263
7818
19392
47600
42694
19094
4465
30118
37358
55460
662
25789
34592
48304
56721
5832
6211
30201
51939
35976
39022
16133
35645
52048
14906
6786
53176
58140
53225
16376
6210
31985
38331
33672
4671
4068
960
12450
46168
14436
35608
22374
38655
9647
27404
60061
16490
34580
44003
10396
50850
37118
19781
62489
24333
38100
58129
26759
58157
26859
48010
38551
63146
3320
28574
47791
61183
47174
32527
5520
17853
26333
60410
60833
37854
31464
16063
53657
8652
10010
4230
12893
12711
30157
62256
32536
58890
51210
22120
12600
43834
43277
44374
8979
63650
37682
7473
50040
12307
54823
37489
22061
37906
33700
44555
2507
45823
17453
32044
43649
32839
8912
1830
57837
11322
42047
36806
13174
21915
11763
64821
6536
7970
38351
6193
21256
290
45460
13934
53964
34075
58940
2169
21189
35254
35211
4165
49290
9801
27317
43430
14953
2383
1483
65221
61868
39122
35054
46110
22390
7824
42507
14941
18701
55518
45161
24377
44445
4988
8550
973
61173
4224
54093
4590
15457
2284
25853
5540
52384
63416
9015
9117
5425
38426
42375
59996
34147
22954
21638
20192
51670
33052
18168
62775
62900
1437
14019
57696
31935
36106
20057
22643
10263
37944
45740
31597
27732
31901
8142
9040
2091
59959
15631
8224
61248
45105
54395
22504
15627
41447
11954
46398
57024
47696
47322
29246
5291
7201
3275
29227
37633
18229
43352
56389
11650
53812
1806
45286
40842
17872
57850
56961
17460
46947
2030
1748
2875
32022
13715
24881
720
58929
47605
2788
42173
48685
13055
40280
64336
11467
2537
37717
33861
49494
54618
47804
32938
40491
24691
47467
3088
35157
57735
56379
47241
42189
19883
40633
8963
2745
19779
24427
3991
53500
37382
11438
23433
524
16899
52863
56613
40421
43273
38841
32654
18963
43877
9272
51497
53628
15796
60495
26146
717
38817
43045
55438
32202
35169
34929
41064
61335
26441
27563
62853
43366
43751
6656
24395
25529
39500
3327
65387
9566
36677
2180
46300
18868
14824
19332
59933
25031
63579
26259
14932
17458
26828
26426
4410
51804
43090
2695
28908
49749
63274
12635
35628
20478
12989
26284
43880
33036
40425
44544
33057
3696
64643
51011
12374
41514
31764
63340
31970
54673
64710
3650
2648
20743
49314
1926
22858
62419
45163
60407
31935
20341
733
1362
63144
12488
27740
7499
22333
11985
40506
26684
37235
6403
51508
38857
58784
34446
41576
41829
49476
18206
48392
3562
40955
62750
6957
63573
13703
3459
9290
64130
31605
25856
48093
45030
43127
5839
59932
61498
42065
52432
20406
21190
59224
40373
4054
28531
65055
38206
5155
51272
63585
53283
85
60142
2237
4328
23062
28383
29580
59156
11975
35135
54059
58989
61169
20106
12863
55347
33245
29108
30087
22531
47535
60086
18427
3027
27172
7306
12037
52575
9021
31419
59514
23379
15851
35533
18421
36395
58606
58248
2363
29898
19612
15232
22855
37673
61297
64675
42673
45994
14329
20954
28898
41762
11497
7789
44988
3919
42689
45050
6679
4578
63126
23316
2123
32033
6295
41920
54138
56538
62353
9476
12518
7144
62191
35819
5932
40691
20927
28779
18930
62711
9276
61280
62657
56506
29143
18138
42195
28343
9380
41878
21657
29207
707
62743
31501
5896
56343
32138
47620
1874
65356
37212
59704
23681
28369
24846
21577
64009
40768
22571
47981
131
43256
64886
20424
51152
30598
36753
15831
8769
14362
11599
4404
21030
598
43796
50539
50620
48814
25418
60119
10696
22742
51615
1340
59683
47861
44937
37170
62423
2173
37242
43456
46886
14022
31129
26082
29420
12839
14133
63500
56384
18598
59704
23910
55210
63842
60217
6956
34562
42429
33853
3894
17942
58101
16682
37448
30979
60646
51706
17983
54885
35797
7999
52285
10112
41191
4323
8708
23831
58459
24157
47484
8404
6853
1737
13461
17805
58382
62152
21337
25985
43731
34331
29541
63511
55938
30516
51725
17243
35568
12574
36961
14212
47640
33780
62793
60473
28073
46688
9876
733
3815
34153
36712
11599
51020
42446
3078
37727
7627
19692
60216
60978
22974
51077
44151
8061
28214
58658
15945
29744
34041
60016
52696
10657
16047
13684
46127
553
35442
52564
4747
45584
11099
6533
17624
616
63847
50312
46657
59085
14134
31936
61215
35425
2559
42508
48942
58496
24738
53784
38670
27431
12973
6387
27887
31867
13450
19264
49382
58152
46689
61865
39317
62751
295
53444
58079
1713
8634
65301
36569
15936
55916
17515
48621
27931
29068
51277
23874
32188
13050
48405
57158
62659
38531
1842
21490
33126
22062
22632
17899
17596
24986
12499
54992
15767
43763
30178
44728
18557
27064
63703
21724
47888
17802
51234
27626
45076
45008
26632
58337
8505
7741
46834
30271
8692
7461
718
52559
54779
64015
18120
61767
59889
58373
55762
36350
5605
38326
63183
60175
9308
23439
55746
22292
37097
61080
26450
53260
61679
51683
58383
17444
19655
29560
22531
36032
44991
50804
4099
14084
22441
19910
59552
7198
18440
49867
17192
29734
36895
62703
63335
8204
47749
46877
48554
32782
30144
23968
45127
11655
51888
50704
51636
37088
51723
21475
1440
16931
20923
65324
57415
18572
37146
19725
27640
2781
54955
35433
61796
9166
30025
52319
51574
46228
60369
9984
19533
57630
41584
1035
53222
7657
65469
62485
15872
40564
46970
9459
29198
54009
15097
49078
56360
38859
2719
43129
42081
42891
17760
44144
53746
8735
17738
62331
51481
14091
10490
34053
45204
31475
10892
4409
22885
41705
96
22896
52545
59871
9756
9661
61219
22239
41136
48893
9517
57665
25314
28298
15893
920
2187
45275
63827
14197
7217
32021
4128
28875
5280
55041
46413
45119
22314
28753
21227
45199
1476
47775
53452
57037
36995
11741
53844
50571
67
64840
30691
12288
10528
57272
55163
63207
17631
5402
34179
11406
44113
6516
57733
16795
40626
9535
14873
17879
11621
31875
46043
28808
5667
63469
10094
62936
58453
18035
7654
13714
10189
43161
16155
9020
21708
38153
34828
47790
64036
17193
52294
26094
18339
6334
31905
24936
16634
21717
62156
52236
6583
61388
14657
55968
25788
4928
40182
9791
61718
52922
6045
14141
43635
26066
62588
57912
40759
41265
42510
49220
20747
62821
54347
30891
40344
39724
59964
54501
51878
20603
53309
28460
63598
9878
3718
29038
7690
47663
4581
7605
27083
58598
61852
49966
17645
4454
42078
24423
6050
52806
18899
9992
49936
34546
39720
13951
5696
27686
55572
35029
44268
43549
20271
36119
20408
19442
31476
37653
20180
41493
16267
24667
45591
7500
52480
36353
28505
9582
13726
32104
2758
4007
47271
38750
7520
55398
38891
18697
47056
65112
58244
22568
48792
33030
50658
33028
39732
31313
38315
13010
45908
31728
41946
36172
22496
39613
35708
53409
59750
64846
48235
28732
23558
12439
21207
25112
16272
11392
53832
10383
45097
32026
1297
59077
37665
24556
30033
5631
26862
25442
20173
7659
63382
24209
8708
3821
61880
55468
38633
28422
43695
48381
12131
2692
44767
54863
18514
17751
54329
51594
36009
42260
30874
22737
26132
12771
58433
32850
63644
59272
17814
31685
39452
30500
49647
3939
62970
57804
2454
47505
48798
39719
34275
57134
51038
51875
36242
23701
29448
51563
57137
4238
29846
62712
60482
15665
34394
43440
47965
14365
39340
13111
31426
6808
59054
26729
19332
50491
24143
43013
3689
61297
41359
39051
38710
16973
34334
35394
32627
55441
30751
4980
23353
60245
64316
65474
25860
26495
54589
2042
2332
1352
25006
33700
49825
16356
16759
23291
40413
47361
44349
21999
55275
20003
969
43
14107
31649
50672
15083
30259
3745
13686
14847
45112
51181
37523
49764
6619
40993
4018
40256
31857
64229
39731
60863
43579
31460
31732
2567
33893
32013
30707
46934
49143
58470
26675
56489
21919
13577
54334
3365
24156
46044
36065
60626
49608
58171
3047
65503
62548
45429
60541
7118
24745
40597
42770
41954
18632
46411
54485
12059
50838
23579
20502
3812
61063
7202
56681
41867
11028
38091
58751
10825
44284
41196
64251
26682
58697
46161
23612
26512
48639
29450
8951
51179
49290
62627
15499
28955
36967
14861
59648
235
34323
11112
58729
39469
48861
44684
10088
57442
41533
50443
3370
59686
46522
42054
9525
25750
563
23964
708
4009
62111
13798
2013
10535
51646
3614
25704
36180
14074
65120
25376
41770
43598
52338
50913
30734
40820
56584
44298
10332
6802
46323
9308
40032
6142
55920
13506
15472
54212
25725
55567
13259
55896
54795
25028
45089
58776
26391
61743
41076
50212
39314
31773
20297
5572
34589
13869
13239
23397
40183
8283
42417
41548
39178
61563
12897
55279
48989
49178
277
13868
53158
8699
14387
35965
55479
7156
16058
36875
23106
35576
18947
22226
51973
33051
12154
40414
39590
36277
26760
16164
2881
30174
58246
62161
49036
64824
13718
1047
21608
35079
25053
10621
30064
29187
34909
33542
21154
25653
52836
45982
63169
4211
2679
36943
55301
19527
44494
583
7875
23111
42033
57562
62511
678
57932
56044
29394
28988
55926
19405
2630
63646
12971
5992
18340
16351
59785
23684
35079
2963
41991
57982
20031
55171
29685
8663
1794
54471
5409
7222
7364
12065
39662
10196
2464
18230
4167
49333
52424
53983
49981
49343
25761
57117
41690
24375
37803
55295
59000
54859
45091
45134
11989
1729
61306
17006
17078
54644
55342
16504
42048
14776
20850
10300
30658
52663
6053
46098
49766
11052
47412
33590
29282
29032
13207
3085
56522
19952
5593
21030
3656
27251
13498
30759
29775
61729
20388
46055
17108
55600
49043
6588
6282
50994
58675
5492
10003
14192
11063
51062
56544
52728
2684
26321
12877
12696
36680
41790
45865
62327
13069
19357
60708
14676
58602
54255
65485
63731
15605
42239
41414
32168
5255
29365
19659
44595
54703
26222
57733
49076
63269
22878
40659
61767
40101
31662
32664
18550
40353
47473
42858
37534
22131
17024
59703
45638
58726
45598
37668
64819
46148
58596
28279
6958
3389
52153
51457
1441
33155
41895
12706
47639
55660
50941
33746
65021
42218
60942
21057
54437
6504
37873
33494
44472
60266
34180
220
45228
34443
4862
4111
59310
36558
53429
43864
9841
6487
1677
2384
23952
46841
48169
25558
20830
40246
29777
8101
54253
36190
42283
40398
5849
22989
37857
6095
34465
21407
37453
2117
37966
12056
23200
40527
14394
21516
12387
23142
6355
28732
1508
14302
27270
1480
32057
1440
2396
42621
22512
27049
54809
33254
34981
14664
28024
8834
21635
24651
49884
37694
47207
2062
59757
9955
30513
33317
33032
36372
23010
7273
55221
37393
9599
10808
1030
6003
7907
269
26947
50533
20506
61527
9846
64021
13448
13114
43367
13846
60110
24017
50354
22913
13593
50989
35242
3860
9447
20520
58668
55009
8810
57223
23356
8715
30339
59339
17825
39069
14587
64977
44378
4826
10993
53483
31958
8393
22507
10516
37853
43660
11087
44745
27408
62509
12807
62775
26435
33318
8183
8471
16389
41594
62186
60114
38628
38427
49475
265
52542
6947
22039
46449
57084
17226
33048
46512
24382
31033
30174
22378
36617
58877
51605
23586
33696
63076
51647
34249
6863
60820
63179
59482
38239
31251
49079
44228
45726
54043
10424
19264
7724
30504
4666
31691
8025
4994
61653
47179
14725
53804
1716
13019
60787
44031
21482
43063
30247
9212
54231
4808
56796
57616
42796
18814
12833
26756
57890
18206
19137
20194
12591
59564
58243
43051
2785
62205
65490
20652
17681
17285
15422
48951
45147
46352
53067
29935
37555
64802
36516
50334
12475
4710
41881
18094
54522
87
54314
1525
7028
58112
3480
15600
23515
28589
6716
10016
53232
10079
46444
10346
55953
22241
19841
3725
61184
58932
19080
46255
7728
48298
16911
46066
22383
45404
44256
3549
12430
53027
40633
53884
27813
32343
33569
19672
16768
65217
51464
3460
7180
5406
52923
56699
10828
26946
10281
23647
19420
61454
35557
64346
23901
60573
29181
61054
26617
48228
59954
25530
62254
54891
52985
10135
42457
40376
12789
64148
52193
61339
17530
53011
58814
9282
2894
52436
30909
953
32524
3252
9531
31964
62186
2341
44687
51924
43468
49185
52729
29092
23878
6127
11081
20753
7162
52398
654
1640
62495
57490
13779
15938
5042
17378
50006
52139
45455
24478
36162
11166
11045
41795
8157
64751
4289
14853
50785
54416
57208
12024
62422
46752
39487
13853
3925
36527
54306
31709
17298
21459
3106
16300
6454
3645
27685
63633
52268
42349
49814
14909
12097
28243
40114
26292
49659
24405
32678
58128
53376
40656
39464
49021
19833
42254
2648
40793
11636
40083
7230
40252
11891
1828
56404
45876
62313
22007
53141
35764
53180
51033
63288
36760
64432
22859
13322
63227
37890
25902
3143
19620
40294
19866
23923
29221
41734
23534
2426
44854
16578
62483
21729
49882
17443
5870
23754
5988
53425
46051
41234
37989
1096
21151
40211
52788
52085
8471
55002
475
18228
52185
62898
25663
4029
28900
32562
36607
57423
20697
56018
8005
34274
22527
4719
4031
39727
25553
46589
49250
3525
9407
64388
35306
51966
50626
30019
12006
59079
49021
59493
62153
52834
43838
25565
52030
35728
9349
53633
7336
38310
14995
23262
34269
23359
24906
37839
52729
27060
63042
61487
61645
20655
30260
54228
9486
26416
64152
52831
23858
21180
61124
63665
14458
11254
8934
64782
59049
47323
13825
52708
978
36707
28554
56117
65049
49367
20335
54775
15390
38469
53678
36266
9125
3417
20217
18426
6
2050
44996
27385
64476
31041
38147
16896
22661
64097
65287
63124
19801
60864
40675
35799
29065
57894
57313
63232
59375
41420
34702
54963
25471
35519
35413
50765
56696
5804
21545
5031
6113
51465
57572
43147
13172
46569
49267
13378
56287
56783
4042
43423
19394
55295
40916
53596
22700
3252
60529
61721
55027
53536
33169
52172
63242
25984
25380
48266
22820
2167
19136
3718
36336
60376
45421
16535
48620
35242
19044
33006
36074
62879
16057
59175
2901
14671
7191
2885
36748
38499
65484
24082
18810
45751
59460
5678
34393
18666
64187
30735
58412
38406
8654
24801
14203
44230
39669
59815
25613
45266
39292
32619
50321
16049
27531
31825
12196
26487
30075
52888
25189
47305
54645
7576
29480
34760
32286
34390
23810
19466
49666
55131
57899
22402
24636
19340
64627
59856
38237
43780
54482
29113
6070
50399
42896
12025
33679
16635
56245
48374
42966
20257
42922
25882
44690
42221
47824
50625
31320
38291
45515
9481
64206
62191
26936
24420
2446
39732
26803
31700
33921
4544
45682
4829
1688
46702
17333
49936
26533
60056
20080
3928
18040
13993
11700
34477
36028
9861
62192
45950
48029
10644
27956
13633
44853
48179
28470
7981
64126
29819
30286
5055
50104
40064
5307
42375
8969
46591
42521
1295
31066
50543
30448
59324
52071
14273
20278
59917
19739
60872
46813
34219
39772
40498
29063
56526
6524
47896
18377
58061
23136
40750
58805
13453
14153
10429
19094
3594
59656
29660
25302
5160
37150
50709
63570
31886
29269
33092
44815
7548
7931
26995
3232
7687
16962
40410
55383
31561
56600
63760
2128
38991
30322
34755
42056
30627
30393
4926
60677
47794
13240
51106
20799
16347
37166
42226
51163
3306
16812
56495
65485
27182
17061
50088
49270
37564
53795
24344
35801
51300
55003
12700
33426
64049
36396
59342
39834
11830
9212
41539
33847
7236
21456
46215
31969
48347
49056
53212
33632
8943
164
16982
51713
53524
16501
58088
43210
4243
16195
62078
39537
28065
34106
28026
23325
46615
54885
6126
31133
35497
27415
32543
29425
1850
60893
59139
2906
2322
54963
36072
33893
2735
47231
14388
50096
65148
16224
57426
33771
12718
21968
27058
9073
37512
56077
53835
59486
9898
21862
11068
29996
25691
20862
40843
62147
13602
10385
35201
64550
34564
30116
62359
60432
41616
10266
30529
28471
20934
19462
11499
13949
60266
28038
42676
6248
40607
5590
59894
58534
42249
51790
3588
19817
22032
27812
60529
18811
40287
38464
5912
43992
62066
61447
26836
17240
15829
45504
20491
51423
15063
7108
24391
54843
5185
57622
28303
10542
44620
2481
20331
27199
55522
61496
10521
43157
51247
51612
55954
12539
28643
53230
6937
3917
14656
43957
39884
55624
44383
21218
6799
8844
41393
37762
26595
3528
45942
49603
34639
51879
13260
34627
31086
1601
31771
22372
6486
14609
55645
17846
42005
57862
52964
42461
50007
51689
39591
41803
18241
205
54613
49673
51669
64571
11726
7549
56789
28247
54905
45686
31740
4133
49033
55087
14355
55161
43833
5654
1592
35630
57791
5007
1842
43280
19502
42516
32741
8934
43942
17911
20861
33795
19239
23518
56961
7686
64466
1126
6493
27598
53425
4514
14023
51882
23220
3547
36199
8433
47327
47742
51882
28392
4042
36541
29670
43305
45736
52918
53391
4415
61174
55255
51425
30489
28995
38766
13971
6213
64770
64043
24403
8347
2949
28431
40292
40966
28025
10647
51328
41109
33957
59182
39845
30276
45379
52916
40042
63563
40572
50274
33371
25427
38877
20353
46317
61459
10729
58181
64119
63778
50862
32605
1692
1007
28789
47191
26075
36645
140
3320
45745
28853
54876
23251
63366
60293
44311
23221
55806
22382
62180
31458
61637
50133
21408
57112
4190
4249
58957
43702
21594
4308
55074
1197
34330
35719
13293
16744
5979
52947
34070
22156
64538
33793
9512
54139
11665
40580
29452
5211
62299
50859
50439
12896
25740
5473
44190
7695
8586
45096
65275
45936
6212
22654
34855
28203
18856
59358
22853
35623
62660
931
31586
22210
11466
34756
64010
54642
13920
25302
12864
64647
25244
52935
2227
52938
50963
29468
17003
17310
44586
64055
47848
65237
54148
60671
42368
50596
32053
42986
64369
35680
35952
63756
49015
23414
1284
53039
18143
21840
11310
48968
3945
45633
59210
12030
60197
26280
1069
2988
58180
35948
274
47016
11197
53429
21599
52042
16018
14598
41881
28463
5153
64393
9110
59175
5603
57769
39274
46891
47472
39188
60434
40710
58839
61523
57425
64338
29937
3746
62555
5460
59327
7685
2687
31033
5763
6001
1301
50191
47125
20610
3120
1818
18871
3582
28102
45833
55017
73
43575
15596
31721
15670
23923
59267
34903
42010
64996
8297
61004
48664
56503
42289
41102
51392
34595
2205
47853
16982
37525
21527
37259
7587
6357
33170
11645
7953
1172
22846
56194
6679
40673
48948
55698
41109
7283
15909
59544
21320
53931
53029
56912
60421
58304
64782
53805
27304
39787
24839
62506
8387
56229
27049
21026
51989
61386
49997
49382
35573
17982
13164
44107
17325
48116
34393
5966
45073
27644
37335
9160
11583
30309
32705
30908
29705
30021
52082
7815
48659
47720
27723
19844
13345
65280
55613
52540
50354
16319
21977
1942
23705
15143
57654
51732
33725
23504
51513
23482
24825
50169
19101
34422
59586
10229
4276
15846
37356
8905
37674
61691
5944
35175
15279
28971
19149
53436
42317
44724
23672
60032
2067
1490
13951
50110
42086
22642
10265
43339
9502
29593
52855
2101
47355
41761
7751
15627
18650
7744
8989
31446
15635
8135
9809
17908
10475
60554
11428
51924
56938
8388
61973
26366
60969
28745
41503
34081
32767
28904
55477
55047
32167
5408
22911
36331
2743
62438
14587
11871
59801
44774
13600
1332
44963
12105
13657
38285
17742
58026
917
39889
31061
19936
20092
20474
23031
48913
47683
21414
64853
34705
32180
18931
58837
13020
34324
26456
53756
51745
45307
9693
29046
42558
19080
29965
22850
51933
63235
20305
22477
899
57130
15703
39301
35592
22010
27224
57660
65300
60918
54130
15875
42098
56630
38721
62747
21695
48522
36586
58915
48900
6849
11978
8737
46871
61695
47451
4282
22666
11291
13334
5621
48786
9513
45726
49407
34795
21924
28816
33961
10588
27032
51233
10216
28355
29481
48950
17296
53638
41116
19302
7299
56742
12850
17209
39493
23356
54614
29811
866
6185
45329
63570
44218
11693
27779
44503
19790
49761
46790
58129
13559
40128
30306
5309
54009
49429
7866
30700
20193
40892
43746
7417
60772
31977
30289
19366
32189
17750
64223
56672
34791
6770
54137
5322
12184
48141
42523
62196
14728
60075
3398
61327
43575
64303
46711
24830
31724
32252
6260
24577
25070
55200
49315
11044
27317
38375
22578
49626
7794
49734
8532
53093
56928
40556
60757
39162
54376
14124
15831
10165
10602
26579
51662
36141
33923
27509
50345
9963
1458
50393
21762
55522
24399
42992
61113
13931
12663
31403
46701
8278
10686
39502
1254
48629
35246
47617
19295
28861
29071
30173
46989
17839
12075
18441
35888
60439
9660
42251
50412
16746
35537
8702
51506
55942
25794
4205
7828
27938
8916
42265
43617
18969
43280
60531
54345
62394
53254
12627
17081
24590
30923
31957
4329
14069
50469
3317
37412
13512
21213
16888
13072
431
14368
23203
47507
42098
49575
41990
53513
21639
65145
17101
61977
19345
40178
12210
4637
62097
1124
62108
58404
15111
1729
25679
37810
31180
30627
40263
10646
38862
63228
63783
1264
27616
14555
46529
45055
53126
11185
33354
67
16523
9200
1061
30034
30857
6636
28212
53484
19284
33198
55925
34331
22773
11007
12294
30390
52362
26626
5190
43772
14585
45146
57617
61698
18862
16396
53822
19972
34915
3960
29416
14378
42832
20857
64549
25957
49286
6119
26369
43963
40151
42716
43933
10458
50709
55902
61625
57582
62432
30238
11907
14893
24122
32556
25451
53657
38914
36249
19696
40534
33241
7385
27421
55041
9763
36658
43058
32263
50247
16917
45109
44780
60693
41916
1985
18476
41815
5109
35556
25252
46572
20380
48546
25038
60704
21820
6116
16931
62693
26123
44953
10047
54722
41229
64080
12166
20864
21269
56508
63803
2280
65220
20
34655
31380
50489
45849
58267
3183
15107
26447
1647
12352
38465
62831
38679
63591
47259
5373
10388
33186
14672
509
5108
54537
22721
16339
33185
62664
14450
32821
8247
50447
29326
12640
13891
10009
44707
51076
44915
12695
23004
34217
24371
22745
61669
47924
56596
62985
56224
22093
35857
42966
51959
21197
62987
16181
19058
12108
32701
57287
8736
64358
19506
60908
48346
37703
31742
52772
62678
54453
63156
51584
49354
10106
13121
7951
58177
39815
17613
38673
40988
19635
57487
41368
18912
50256
2315
46429
743
11262
3892
26558
42302
54733
50414
20631
63188
18680
13388
14201
16380
35182
13389
42308
46400
63061
43394
41849
11906
29268
42367
15474
40461
5943
19807
12789
43929
8381
48350
40793
11806
18639
50583
4964
32362
7687
5476
52860
6679
2707
36919
11552
50577
44053
57357
34574
18712
28225
61794
29996
45478
65102
43241
15799
21525
54088
55582
24831
12582
43236
2419
12159
11783
56612
17419
4287
31322
13240
41535
2933
22150
40842
62141
17082
23747
52592
64270
56102
21862
13022
964
10416
27705
27913
61662
50953
45570
35828
21567
52741
6127
33447
2583
15076
6375
43248
42890
8139
50027
36938
52189
48110
43089
46317
44156
29546
955
3761
39037
31088
60965
37249
8975
43209
9452
29511
43829
45945
58385
53229
61718
53439
39276
30476
5322
28839
51607
23446
45140
56176
23038
24298
15084
41297
59016
9559
15145
19652
13861
46384
50499
23071
42298
28879
35601
31748
4375
45628
52953
43829
9522
8427
26851
42346
2201
64849
25523
46633
58641
57039
55383
54746
30688
53614
25168
57664
41611
61451
46044
22633
43798
34772
12664
55840
16882
604
40231
58778
58162
40859
22994
22514
31970
23269
37261
27070
30015
65195
16873
45895
25786
34282
39083
27839
24914
61098
56079
52710
23947
64547
60758
53261
555
2783
9558
58505
43216
2782
60503
20523
21427
46689
3196
55793
17215
21717
51627
62221
56530
42396
60858
26120
18968
10998
44841
61197
58505
42910
56880
5288
51878
60879
33390
56598
42288
4793
56140
13709
55905
852
63612
52545
62883
50000
2348
58651
47185
50378
21740
43291
38436
51869
47899
7431
40105
37999
34040
30868
40365
42316
18041
57963
12395
19444
51343
57888
4132
6548
6207
16532
59162
47268
53111
41355
2914
59031
59305
14642
40626
23533
34346
37171
52239
14540
49134
58097
8563
22779
44843
41192
41261
19341
45287
47423
50435
21245
43017
47620
39901
30236
28065
15357
48629
55184
46457
9357
59676
46871
47873
49026
63756
63962
61808
12889
60690
33392
29531
61713
19850
28128
25874
45391
92
63975
49511
31801
20824
32796
4552
29073
33518
61135
7914
16032
47272
26819
20287
32072
42017
30914
42486
14568
54779
13632
3893
18147
19398
61370
5398
5832
34022
52555
31488
43148
47715
40509
24243
58642
62674
40270
20583
14705
3449
42349
41710
18711
21471
1436
15171
51756
6657
31392
32428
33016
60889
58696
33555
10701
37712
12966
49422
8111
32347
31076
36256
61958
58259
19399
22124
12820
41813
35224
28690
18075
2522
25668
29752
12655
2130
31801
36937
11593
28530
30859
31503
35900
39433
44205
31234
25599
36160
4772
52643
47833
32858
16306
1536
9506
21702
41877
51457
42520
5107
41280
41384
55876
28791
153
49171
46932
16399
6602
55500
65229
13449
6997
11275
58038
55241
30075
61289
1618
20495
276
36119
10413
32977
26699
53839
30694
44507
61495
57145
17690
21642
40091
38035
44037
8536
53093
10659
63910
62374
2852
11893
34349
46799
38964
9963
6823
12967
25177
9963
11364
56072
60981
39645
45199
21518
19023
37002
49234
62003
61123
2998
54
14253
11147
40694
28519
13353
54208
29140
63727
62146
38324
27960
10146
36024
42353
18700
61185
49550
19031
58075
16204
16997
18644
52098
46768
28723
6522
42805
65305
9386
64441
58024
59733
5079
5785
36673
10672
36314
39898
4485
26792
53179
38628
6855
61816
17100
62734
23935
22650
46281
31972
43410
29358
62606
45914
8458
63003
52618
51212
57654
26424
8589
7433
35611
17704
441
12489
3711
8603
26464
10554
45637
13135
51257
9518
13903
44901
56881
50187
50478
42530
62815
51267
19139
6047
26976
31193
14533
53633
30099
2147
21524
47773
63568
42812
30567
1860
52502
20158
21532
35342
38853
45248
32617
53058
10307
17449
38709
56648
53525
22026
48992
41246
57237
40241
7939
4171
37052
48712
28096
50248
25585
19314
22591
51946
48518
16869
29377
63003
32691
28733
26533
40815
58957
37321
60062
57078
23926
43856
13391
12470
45959
11298
55524
22990
65475
48505
24570
37763
58853
18747
57159
61359
14088
17358
12626
20367
47329
63145
27536
51985
3072
45588
18047
39724
4193
2762
22303
28042
13988
55715
48671
52882
24470
59632
46525
25736
57906
30521
4321
47105
46095
32595
61638
38353
42991
42265
40097
11325
16530
23183
44754
2894
28583
8226
701
20440
21015
4054
24034
27491
30942
4996
16476
46343
33156
26213
21427
51024
4814
11712
63353
65181
23974
27988
2292
54771
4659
42554
59372
18114
48732
33537
39920
45002
51553
18518
12412
29409
12510
22838
32479
44826
12272
62310
55851
31760
18187
27865
42848
19366
17162
51253
7829
22167
58958
30840
47295
18757
61070
15721
45155
31018
35715
34036
3511
30190
61752
7674
62249
20528
37229
41012
12463
54036
13779
19964
44778
40088
37802
11899
5423
53263
41832
37042
14982
35805
55036
10105
44324
56034
36085
17386
50517
58241
22535
49064
41159
1321
52766
46054
20822
45472
33591
30129
12588
58991
21307
32695
21993
21502
2742
64383
4663
46395
19083
62976
6355
14305
11148
45525
32628
19223
6375
11840
320
57493
63134
14912
54763
59565
30580
51584
12911
14055
1388
18915
23484
37984
34478
63157
18645
10352
8083
29776
46348
62038
32333
32797
34934
47822
17765
33606
24110
24827
29319
778
27774
51695
5830
56606
1137
18716
33040
12863
56069
45779
48471
26352
58480
14389
36593
55650
50753
41119
64349
7967
5542
2978
10951
19996
20249
29542
29264
54511
44470
8743
8623
56056
27893
14175
7577
20623
935
53430
31980
13264
21592
49578
40914
30115
6599
10596
37130
31697
20033
50253
10307
56994
21352
9109
13936
35247
28031
44458
3288
39652
2831
65214
61962
46825
48332
20885
47167
21835
16136
16260
3035
23935
52931
9274
11390
43239
9693
10965
31680
26777
37684
31600
18534
12547
30916
20992
55554
56207
29607
48998
5730
64427
1743
16940
58170
58478
14596
57695
32557
15403
51229
47430
3900
64361
45141
58106
2836
34322
21867
62373
49756
50584
34145
55922
21025
65064
47017
23701
51517
30774
17854
25861
24183
40569
5737
44537
47810
52272
24991
42492
11861
23522
10385
19471
32203
1368
42040
22990
64513
34218
37380
42534
44699
39031
10275
45030
456
16355
20372
17331
14247
19524
25192
9886
46711
51077
48993
25079
26116
50897
8330
45440
12703
27734
44334
50146
41162
62337
35532
63955
6645
20838
45455
27191
58737
35087
45300
9895
64014
60629
56366
22518
20597
31091
34974
52878
16044
33831
13630
30996
10032
50174
41001
32531
37037
55085
28409
16920
47369
60782
13852
3726
10984
43315
36634
7690
30780
47155
40395
26785
12948
40399
14744
61602
2329
37032
35046
9415
56119
902
57650
30562
46539
7440
25158
42536
12229
30055
37833
61461
39820
23410
58006
41912
33358
38235
33481
55682
50084
24475
24425
45713
21257
14125
64751
50243
19666
61775
26183
29737
60045
41297
30488
15021
49805
41462
19578
61904
60557
10888
15167
55468
30988
25264
1821
51845
25250
56773
17146
55521
24732
25751
38840
20996
21454
13647
1380
29015
4241
38836
43521
30935
40276
23422
42313
46159
26011
56766
13677
59457
18559
10571
8290
22388
25982
49257
22805
13313
8158
25141
15543
11607
39677
22323
62175
17558
19570
4599
1744
36623
19448
64985
3734
63463
1827
37151
22679
56775
15200
31397
52349
54814
59604
14028
43471
34389
18067
37929
42077
7063
53173
58650
25921
33766
17754
53977
4496
18690
25445
52206
55978
2512
37117
43893
47426
29176
26150
42302
50099
9839
35897
51492
35106
38196
20436
38436
48415
72
15212
51936
45762
64669
47593
58353
44092
47006
19052
60198
1250
41157
48032
61288
62816
63121
62491
43319
11147
61716
25958
5614
33642
48912
20037
4105
47856
4588
47751
2237
47400
22033
3395
59131
61576
9009
40349
57556
44356
40074
62156
36767
16317
48795
61824
17059
40590
33012
39334
31607
19713
24658
2996
15833
44606
41955
61321
62286
44296
9197
58401
48436
2406
25772
12702
44453
44258
51939
11073
62271
43871
24149
53276
18908
1955
5229
20975
3117
26038
59290
25392
14327
52886
11967
48418
59751
14967
15504
19324
43372
45895
5938
41860
1874
47993
21039
48116
62741
32364
54140
34075
20426
21723
15427
26093
30677
47592
33669
9749
42157
28919
1307
32065
40575
19616
44753
31509
1822
44891
63168
37824
49838
38969
53100
39589
16899
3575
21243
21389
27250
26602
9904
41232
29777
52856
37069
28673
34508
7277
13956
57283
46573
36207
33182
11084
21937
38467
27061
53138
45072
10259
51311
45543
62353
1469
20532
57735
47728
63230
48709
1624
48050
59441
8868
19954
53650
12226
49407
63896
32244
54670
15538
13188
16494
50972
1731
19419
60329
25158
2337
551
26210
32295
32653
20263
1861
63665
1145
52471
30118
64822
41388
30239
60954
42143
33926
59358
9200
39559
13129
1191
18037
40689
58054
54343
25566
30266
33920
37193
59569
28024
54251
11231
63481
35227
41014
34664
36044
43308
56488
14066
25770
59480
18019
34308
40300
62403
32200
36768
54067
42148
19991
24402
41308
2531
46901
56270
51300
1652
38760
55896
37586
11102
53875
10243
12912
35222
47329
35955
50872
51777
1343
56212
8146
25173
58999
55602
62377
46436
26635
34769
11124
19217
18778
36910
20096
28112
9764
49857
28621
17049
36040
8304
33972
30374
19805
57914
10810
45621
60446
29874
4348
39354
37626
38607
55620
43543
22075
12639
5202
52331
1837
46710
9827
8965
44840
8155
54678
10350
62998
12939
40371
46288
29652
62141
61864
2380
53145
51540
30708
43110
47040
64185
57582
54213
60708
7538
10204
9727
12964
45768
40191
42481
27782
57030
1289
17529
36193
3149
17793
56611
31919
39011
20552
54937
18594
28637
60704
40494
60996
36768
30731
1634
41331
34873
56780
54326
46098
33302
44980
12868
63639
50764
19529
26165
22098
26801
57903
57878
20181
28465
57796
40356
43156
19741
10111
41426
46709
21240
51526
2205
30439
43831
23472
52641
3489
41803
9035
1630
38288
21262
54730
49352
61943
8210
25332
37414
36682
47080
22199
53175
42221
48234
64326
38660
13958
22554
48365
54433
15689
5791
47993
14054
36106
37157
41389
30873
32753
11152
6559
26048
44004
1503
700
22997
25893
39114
45819
30725
18246
22433
34194
27219
34892
33623
16786
56151
36157
8498
53556
20037
54783
14532
35944
39969
47601
59247
40816
18086
43831
24040
25147
9083
23850
51815
33838
38163
62173
10559
47355
24574
30595
34616
59426
30393
7855
37917
54434
38229
52477
4491
59130
9953
8232
16039
53280
45084
40738
56398
30003
28925
24102
2347
17169
25994
13973
32911
57330
34788
7841
45928
63892
64990
15652
1438
52527
57758
18805
52295
12003
10143
17126
31139
30311
57737
8246
24075
39630
27342
1303
28477
20940
42663
11418
8581
62192
30593
12092
15184
44441
26743
54150
32166
15941
17154
22009
705
36011
25488
60066
49169
2093
40144
53366
58548
62916
62236
57968
44409
4126
38683
17265
42676
62521
5052
20931
49109
40969
63881
20118
59945
46049
56455
50589
34801
44687
29946
6419
33481
39656
56611
20324
36553
2249
61036
45644
25464
32178
20187
25935
65301
60043
42462
14232
2547
20475
11163
19669
64234
37646
29599
43827
7516
42906
63152
60431
8
61725
47427
8418
16114
17576
12138
46778
56064
21505
27191
28868
43124
57823
60672
60151
12984
31142
16604
20166
18769
43580
29877
56867
12535
50877
902
30750
18157
33753
50396
18007
3634
8574
55887
22495
57561
50106
40836
42237
50921
51112
58049
6894
18903
34994
56359
40754
49922
65038
44795
25918
56945
8612
15280
61733
18290
46862
43544
30927
18788
46698
785
57503
60495
15716
64834
13661
36996
2446
31922
174
2659
38819
53131
46259
58567
49600
58599
42853
20930
20305
12691
18206
1815
55685
14780
16894
41378
947
47245
33165
58006
64978
60260
59269
62187
21102
30880
10060
6847
23721
61155
45990
4304
51604
31776
35571
28065
53343
51942
34538
44781
3400
9512
56067
64116
45577
12558
26417
62853
14612
48996
58000
51326
21893
10862
17273
28610
38683
5357
20189
6871
10903
7562
54737
36089
10531
17885
6498
25835
63676
16503
64104
23460
2374
3713
53206
61075
59398
7422
20173
478
31408
40569
1252
669
15822
54025
2988
26677
14456
18621
46076
51515
12671
45978
7680
41458
20701
44547
11079
39527
56642
48336
42394
21015
28937
23891
39656
8188
39803
52012
5893
62477
59815
59246
26363
2438
12764
53080
7671
18000
30370
49249
40787
46592
46961
44878
41849
48575
8755
8486
38386
59599
58409
3794
44876
4752
5653
53615
29342
33913
6842
58006
7585
30817
1394
14976
24069
21598
14125
27699
4453
50336
10024
40450
47623
57914
16646
12478
61983
45983
13133
24736
29192
24120
15094
32855
19409
38753
51817
30716
63858
8018
16649
39886
55604
54590
47318
62816
44429
56541
10169
2063
46109
48977
40562
65470
2557
38974
62656
34320
24807
43326
59525
35484
15199
46248
51722
48766
50410
53315
13947
28287
29691
8376
42444
38839
22438
15593
16071
14992
64226
22909
58587
64896
48254
45571
18146
28792
16742
35092
16569
26924
44141
50196
37673
2632
1634
62936
24716
16640
42768
4310
59253
15595
45677
19412
40583
41739
32700
64446
37842
18914
51638
11022
54132
64580
11871
39648
53123
65395
45275
6331
43131
18172
17920
7410
32605
63032
54922
33152
23174
29375
15007
53284
32301
58407
15564
57499
3878
34750
15437
29476
1991
23131
54700
35057
21922
23638
39092
48804
38526
42170
60520
22075
48989
1645
10666
54452
29327
62274
21720
33124
47563
58285
19192
2920
45074
39145
46746
62351
23586
38684
10836
25680
298
15535
31089
33498
48083
28170
59288
14022
58655
45213
47505
7706
48383
33243
59917
40518
55859
6000
41941
49401
34729
62676
5247
28852
19466
47792
56075
35599
64426
15804
23105
51069
7122
38029
59593
15123
50587
20281
1593
51640
31536
27261
49202
6434
32339
15777
17136
62586
16752
58657
4224
43939
12161
38549
65270
904
29842
62486
31533
32357
47255
4229
14442
40121
34116
15003
1516
1968
48692
11839
47410
26104
31665
8671
38171
33712
1643
17314
48490
32747
16869
36418
61543
14826
63915
37343
54157
29194
53418
525
24822
2381
65356
39324
60728
32498
59084
6984
5281
35571
1175
4962
7892
2936
23350
26161
56567
25925
1477
65508
45578
36208
53589
43963
37779
64444
3687
53358
42559
13624
5753
25152
56193
8967
64239
48808
7079
15760
62152
53594
61607
47707
17947
35289
57350
18981
24349
4232
20117
36117
43449
62580
22341
29595
44948
30714
42143
50631
45051
58786
22213
15545
3330
60600
36450
54142
11371
50595
16778
64691
21619
37613
64864
19286
18689
24407
60293
60581
23890
31389
7681
60441
18446
51945
39644
15736
36832
25077
29870
27374
2676
46270
52905
24844
13438
5414
60782
14604
17055
19222
3026
36580
64237
45635
19126
55733
4075
11962
13681
57513
27747
48018
20758
57146
9531
30204
7720
28186
295
1459
53507
41116
11348
45228
62432
6375
1282
6690
1165
51462
36713
23157
10299
2441
60115
5145
54704
4025
7818
47364
33275
47585
6090
55027
61556
39600
11928
14384
4924
50440
36714
53139
17474
20147
21080
16391
8075
53896
46411
37704
30946
32995
51611
1504
58156
55827
50812
520
40170
6599
40549
27791
56708
34758
63313
40652
23275
43319
37183
3357
65360
8935
59777
17809
4045
23913
7407
63443
63699
8865
24424
46506
48823
32667
17409
55398
64306
38800
7906
15922
30517
16210
22147
62453
17955
12461
53957
6741
42620
54367
16370
11466
26246
46604
6993
17828
24223
47277
54192
22343
64192
1620
43682
39807
62073
39213
36314
8503
57290
24915
21213
48038
28202
5947
46528
5973
51685
12458
4773
4264
56854
13359
32410
62187
31762
7260
36310
47414
12289
50896
22355
28567
50866
8967
50383
59337
52727
46743
61629
4783
42359
13081
34462
46213
38282
25133
15117
6781
5552
28485
55020
18969
5195
15223
27412
39432
14770
39135
32734
16203
5609
43292
63966
45368
40369
36998
35447
42866
50834
38205
62265
40384
26857
23243
53442
52733
25110
21466
16638
11372
34307
37249
19179
4795
59567
54583
43334
25769
30076
30668
20440
23624
61038
22153
48539
61318
56767
25312
35602
33493
9147
5242
4746
53776
47417
18784
37222
42103
38601
32745
46241
50254
477
48762
26087
64873
26049
55023
98
35720
8752
55706
36735
54473
31985
12771
638
58950
63821
43866
39647
59020
39718
17415
31854
16501
39989
63395
150
11028
23930
20523
16302
54861
42326
35402
5072
41462
9399
8116
14946
3321
36352
7438
56653
23550
1946
44965
15847
64639
20
15940
11976
26202
43913
56994
24305
19613
9476
59204
47437
32939
12352
58206
4839
15707
3323
28222
44608
8795
13679
44645
25018
23516
49474
12983
40775
57109
63117
62671
27885
32587
36979
50001
45475
60819
60583
58547
44366
33674
50369
51271
32682
3990
5402
7211
23501
11629
23957
44627
13475
3333
11642
30407
11675
62505
60451
61634
23850
11171
31296
22518
55263
56180
40572
31994
30273
15368
19240
34552
8343
52707
48080
64739
2120
3494
58185
997
59090
62059
64517
15377
38639
63900
9446
32288
38753
20859
18386
51042
52862
3985
41415
12060
30237
22346
23149
197
27782
48531
56165
31588
56964
27793
23846
58184
31589
64091
12103
17177
16793
56171
61044
21184
34332
54928
28622
20837
15046
17658
36980
37767
62694
28498
1932
47780
27466
21623
22501
4702
29128
55369
11936
34151
1850
48411
28522
9471
15962
55586
27745
11400
2048
21381
58916
52901
34172
64714
63219
44097
18051
25190
49051
62493
52563
30771
50355
15672
56468
47589
37650
32303
36725
63490
36472
34494
17158
36615
13929
27952
24352
55751
59372
57661
54957
29215
28951
32434
19389
47746
52355
42581
21951
51660
2408
6845
36313
4154
41674
25074
44044
17663
27207
5967
45095
47459
18983
61599
9921
30701
62532
18748
16229
18410
20397
26764
59104
7497
11471
45215
39406
16118
24460
64160
53570
59090
40655
45318
55584
34336
19061
54404
19705
48262
43148
32870
17216
4901
46735
54153
8345
20974
34020
19457
37887
32897
50890
4838
50070
2942
47637
48891
10958
42281
16316
10774
24349
5469
64056
5083
63286
1147
44640
28092
53297
13448
6671
45703
49333
18609
61253
46391
54062
6030
31981
2802
32680
59226
48448
39304
27940
56204
59429
57479
11633
6451
10773
25445
29151
54247
64244
38242
16249
61797
64300
18024
25644
11964
34361
12047
46423
53659
26754
43330
1753
23245
10745
47415
15288
22797
43264
61260
40791
44080
21114
63802
11236
973
42341
39654
38491
14426
41915
51804
16061
50331
62373
13068
46426
25000
35177
12700
10304
37027
51827
33634
40102
16813
45842
43167
49329
41608
6698
58414
12033
22995
55365
25014
1876
47129
57903
55939
17297
56047
32409
46175
21775
62344
3297
35100
49591
35539
57707
22991
12621
54099
32157
9554
30364
64357
21844
4042
12460
57148
38542
25361
44106
12666
35481
51423
24715
55269
59659
13520
11900
45676
23553
15233
10266
40425
35386
37186
19528
24976
24466
7631
8406
58005
60854
27243
58313
27765
7316
9162
23844
24952
530
11893
56948
61843
62048
9232
42814
48253
47005
3030
22750
10763
46484
41731
61565
56259
20294
34597
35582
1809
57935
21357
18952
18389
28885
6940
12900
20416
27761
34008
64909
64133
21272
5158
11038
8310
31753
56087
14462
49254
36246
65403
50247
51423
51158
57910
25919
54513
21319
56565
42794
27346
5343
24321
22204
6439
3029
44744
34858
45238
38375
52067
31436
60392
18734
8014
63318
40916
28891
47633
62452
47843
65058
58006
3195
22256
60483
60929
36046
19459
26276
52145
24834
33974
46422
22570
24349
4142
18631
37676
26788
43205
27298
19347
24233
62333
21333
40788
19974
36104
45505
7918
24672
18066
13045
27602
22598
5084
8402
20528
3851
12321
19645
23026
15135
448
22682
30691
46523
38214
40094
32679
11625
6652
23087
22570
27346
61967
35003
10270
44156
45963
36431
55965
13228
27377
58456
36878
48937
6639
28456
38071
31790
19106
24271
60914
51761
50971
33569
4980
45787
16276
47935
43688
1615
39094
51860
38471
56473
10665
28048
61919
16110
47421
53764
12658
21077
43278
14200
48732
39964
59402
19985
1342
11592
57093
44373
64459
27951
33566
10495
61520
16796
35362
38957
21994
35220
60815
55750
22367
50545
31048
17624
23075
44817
13680
51917
17762
27109
16826
32344
23909
7860
22217
65117
61320
39127
30531
28807
36779
42563
21713
9283
1080
19290
45086
62957
34797
40623
45473
54116
2014
43330
10568
60987
7845
35970
12588
35868
51257
30375
57313
1705
44665
20463
51064
21790
54153
31279
54734
9828
55451
11536
2379
52146
56322
42522
55927
36571
36283
37779
46877
42665
53960
9090
51089
9864
40532
42646
59436
30877
27949
26349
20848
52058
50603
2481
4257
50665
41665
28311
34786
27306
25142
64105
18113
7839
7647
46341
14209
51874
12545
56967
23944
49101
38371
61435
45582
30582
54337
7390
43962
50905
54837
24415
46781
30440
64886
51437
36352
10456
33127
31958
1584
5546
36020
27950
56680
6679
39303
420
57938
5076
55229
44276
1284
47032
41221
33873
14376
8148
26797
21660
2004
39602
34620
34002
54810
46251
44894
45685
31859
3013
62842
17473
5149
8013
46245
4837
27535
59789
32271
51604
21776
39171
49446
39395
15776
42822
35101
45887
11172
35705
3383
51189
34816
8367
37449
8997
419
60667
3717
18328
33079
55615
9215
40111
31296
46822
25807
12860
41448
27791
7921
50617
62611
56984
54000
38227
38631
18288
14765
62259
24376
54651
36454
43238
4588
28920
23248
58880
43937
21750
36375
14934
40150
50542
29998
34500
52749
20081
34990
44186
11560
63552
5886
15038
30911
20971
58534
53031
47213
59674
31347
33526
48143
45026
20852
8289
63033
41162
42686
27024
36805
62162
8173
1355
53621
41527
58064
643
26242
54556
36871
27954
59173
61568
27279
14335
55522
64277
41521
29557
33089
8719
6404
3513
54767
37828
57801
45653
31019
60487
43294
30013
3638
2090
57903
55212
64845
16067
31654
23526
21427
19937
64323
24770
21393
27484
11168
48874
7827
42610
59927
11486
21061
57975
46522
8077
42059
37665
40788
13263
37402
37304
60758
58753
60437
29775
15381
10291
46067
43903
59642
48630
33172
14898
13063
50164
64779
32157
54739
22871
11308
14545
8963
1227
40173
37648
50808
62411
44295
42083
4187
3821
22694
3755
13709
6692
57018
10507
12141
51258
36436
13304
29848
53530
28948
40458
53312
64820
18496
24686
50252
14874
35187
46290
17564
30047
34700
31167
31637
31936
53156
3733
53842
19421
48734
41515
30788
26011
3636
10870
48462
43121
8283
59236
43076
44839
32423
64823
22167
55449
1613
54827
55944
9152
52814
47547
62889
43641
60552
17889
64965
55747
13497
23793
1451
36779
65317
1413
25600
34719
14521
28402
34474
44588
61449
33491
55917
13627
18912
41247
18002
58409
30259
47866
15313
53631
50228
31306
47915
31774
1313
4890
17872
34282
27821
33336
38093
2858
40066
22468
46003
37069
40994
10251
3290
24372
36326
51049
5751
45198
42968
26907
53957
48783
48838
19289
13521
48329
49637
63695
16002
11312
47978
36900
29850
62866
21248
30691
37517
17307
14238
21528
44861
1877
50232
40892
65089
13264
7879
54483
63505
52804
17524
44870
31583
60429
1425
62399
38160
822
63792
61460
40032
44257
45955
59274
13418
21455
53984
55078
65069
18819
16007
53287
9147
55887
65232
64013
31204
41080
44316
29521
1940
40828
32752
32128
45321
32888
58967
38735
62915
10303
22953
5433
45576
22327
39642
15791
28892
22244
19987
37252
11603
55134
12555
49701
39846
58728
63895
5399
36809
64244
16781
49657
535
22863
64560
27863
11671
53878
64371
33825
7819
40604
1188
62612
48532
8001
19557
27244
31516
44180
21066
58567
26987
4483
41575
43289
12651
64329
17689
61334
58936
43367
60390
28973
31849
40251
11488
65423
18209
11084
16684
47068
51135
30733
37585
882
48712
28446
58303
30437
58101
13714
26270
63324
20408
16241
60609
59527
14105
57146
12884
60161
53494
29806
28161
29158
17172
25367
13758
18360
19390
29021
39028
9606
35781
19025
4110
61742
49940
49672
14232
5307
46918
987
37341
9275
8351
47140
45098
22955
41000
29492
24268
33392
7193
36950
48360
59382
53568
11862
53640
34586
54142
61934
52794
30667
27317
12526
21831
15679
46612
46949
35321
26262
9457
16414
58940
25167
6508
23226
58967
15410
44906
12080
5747
455
1892
14618
62558
5232
58056
16449
38365
41697
40989
34992
24553
29452
5518
30140
35144
7316
8756
57168
51678
2052
38128
21833
22582
47806
33213
6875
56853
10511
25882
39424
49344
55008
10818
16433
1387
49640
49556
27639
1995
40549
36856
57865
12801
54910
5851
34642
60480
13614
44591
57450
33197
46663
42911
22497
31940
8069
3270
29064
27780
54953
2236
43461
64478
60061
28231
56781
48822
16868
51384
8222
33857
12689
29160
58611
24367
35426
57477
30727
6307
7160
38266
13549
64507
54890
53006
5283
36619
21741
28076
63777
30660
2324
36795
42669
37914
14324
1107
45215
38048
4616
62225
59815
23432
50804
5368
717
33242
36890
26167
17448
56227
12643
1804
39283
27456
62282
50086
53074
62038
22810
18722
25330
60788
7126
23901
11433
58965
59378
25026
22
52831
34123
64578
22611
48714
14823
2509
22208
38902
61946
37644
29831
18034
56384
3259
18574
35664
46616
27638
22243
15546
51951
23014
60321
37383
61586
40265
3563
34369
11765
14184
65215
37765
56062
50322
57681
5105
47885
52875
58753
57841
44197
36629
13537
62339
54053
48064
6614
2270
4793
11409
46114
38317
7822
47665
43009
14166
32136
61162
25538
28396
47656
16059
23936
39733
60603
59476
26674
28872
59176
60959
55533
52860
31788
18484
29397
36859
17321
38686
28243
64563
29749
10198
4362
12340
59857
43130
7915
9375
24909
52829
17530
48192
40286
9326
46116
1409
18602
52810
27724
23778
22390
50475
9070
22677
57469
4672
18757
15514
40808
814
3515
47456
26842
15075
10242
58773
7301
42226
11145
23350
9833
17294
13749
2589
21553
25904
40704
16444
22755
3400
49108
35875
17550
49062
47267
1946
40931
12121
58530
63799
11796
21202
2307
33355
32020
31207
50296
19766
45403
2903
6390
65191
45669
32779
55507
34788
19172
57477
32525
61960
34159
40871
42370
20465
32049
15700
42402
20301
10920
18247
32888
29355
12833
28526
54235
24131
45809
1826
18160
64028
12289
46715
44119
25541
40799
16136
48571
14026
53259
37499
9048
39809
8444
23197
33431
44327
60318
62904
2675
47639
44882
39082
30150
43176
49669
34488
36666
20128
4892
30623
41599
60641
9390
39781
49436
17491
40585
45477
40005
17275
9293
41249
49649
23069
23136
22151
59713
20631
62615
57112
48224
29633
59847
25533
40631
56027
52529
28525
37295
43677
51963
36911
14708
2821
53765
34250
25728
32246
55665
40141
60352
60080
3990
4745
37749
55610
2033
51743
36709
8597
34563
396
14761
16098
64762
10762
53679
34895
34939
41071
38767
52307
49306
10064
48976
45553
24633
63065
19523
48426
43734
30419
61305
446
35433
22745
11375
54872
27807
40521
46832
51525
23395
6149
51423
60066
22089
52011
49795
33353
1251
45267
25721
45148
32303
52162
29350
21981
25427
36683
35797
30403
23690
35165
65266
15730
54983
50692
57461
62839
36213
55793
2202
36649
64325
9378
13906
53951
64212
329
19832
28785
12396
4229
28463
61444
4015
10102
58105
49567
10420
52738
20512
21149
43534
25597
49263
39525
32911
63146
35850
54725
60214
63517
8660
50988
38312
8439
5861
56531
14482
51891
36394
18757
1559
56813
38793
54375
51149
1413
38299
18612
22514
51374
13191
46743
28346
15835
53180
9057
8553
39954
19151
26985
39775
43748
41235
42888
2698
44154
55498
36598
12791
1424
41816
14070
19204
60685
52265
48562
44108
19831
22184
22435
59608
27595
25436
50267
26152
41960
12877
40008
27236
26544
16866
13123
26228
58232
47520
63172
21422
57648
53602
1515
58274
53774
44507
4362
11842
51729
49553
20839
1478
29615
22530
40607
40487
39102
40232
22623
8362
6040
38942
9614
52279
16496
7469
857
26571
34052
62194
65231
35340
8316
58230
14638
56184
26325
56616
41840
63623
42103
39980
48915
50011
5403
52399
44814
59998
19640
37649
41696
39870
15184
52209
51601
49996
49128
54130
54310
57893
20649
28289
43060
29302
26849
2435
62165
51288
58464
3535
55319
44682
46902
22861
39537
38893
42793
479
16925
607
2375
54240
61865
37904
58014
37853
8108
47048
20080
36335
10767
52743
2944
40122
55032
33069
9234
43206
63505
13879
21830
35156
56621
43018
10431
6147
14475
42926
24620
65085
17552
19698
4045
13125
30353
1823
38946
39366
52829
64535
14236
49022
39719
31904
18516
29937
40753
11297
57637
8406
54034
61398
25629
40328
21170
47206
20339
10628
48614
49506
25540
34001
30822
61901
45541
13694
11805
41680
33500
49694
42711
55240
20364
29686
40606
39777
65483
50773
14523
10288
47418
23039
19820
8576
49474
18831
25370
42806
26079
22373
21406
11923
36658
58257
14548
41494
21520
59785
29553
49250
57627
50880
34210
2779
37013
13519
8583
28402
31123
38056
8034
63797
63414
23173
3477
65163
39406
18370
59809
7461
16794
48997
62925
60424
673
40540
16772
52280
7950
5581
59693
57674
20952
37483
16060
41221
12203
59772
46988
38685
6227
18842
49641
17268
21485
278
47922
31332
21630
44361
26891
32846
19435
25277
26449
30172
46976
13835
8264
11090
38308
811
64905
25788
52661
25817
17818
51562
47389
8117
46664
55894
12029
1825
64509
2359
26702
27650
24801
33541
28394
24854
23274
12690
2190
36389
11400
7020
23160
35459
49184
54999
28895
16962
63544
60146
40657
65408
51257
20076
61259
51849
37978
13870
25480
709
2270
59973
54739
45148
12197
48468
36327
28380
52059
41027
60526
8475
13723
43776
30554
64373
54713
47234
26370
47246
62792
6253
58704
23797
52641
26921
9399
17474
30273
39140
40846
43777
55926
16964
25882
13157
377
1553
19912
11142
38795
25729
27564
10741
1232
22941
28447
25713
9484
52250
20392
33695
16443
30290
42460
51549
34367
65081
62577
53737
20359
6050
43146
23522
2117
51438
2852
29765
4820
26744
49123
43118
5583
46430
35488
1708
14128
31693
48588
45646
3602
31798
39365
41487
26065
21210
15623
53725
56061
38435
32400
51138
15818
7895
55747
28638
32673
3975
54545
19468
59594
16981
22064
56464
54032
38570
59854
37910
27653
11899
12723
25109
1478
3421
26041
15444
15013
17340
10195
48740
5238
11881
13154
26015
51676
58509
31035
47848
32203
47774
4682
3843
39351
59096
48116
49703
46430
64229
6055
62031
51284
62660
58712
10358
22950
24219
1356
11132
61894
3645
18873
26953
476
48958
34238
38618
63931
29753
37494
64969
6315
46586
40566
18809
50620
46564
19819
11773
28439
34898
61115
64489
57020
9107
27683
31652
40892
17656
16954
13287
58350
41622
18028
34205
42269
46471
11559
7451
34653
4257
4341
47462
43261
40466
18557
32548
63877
48717
53930
32106
12809
17942
45937
15352
23652
58994
2807
29618
20473
44992
44812
2977
645
18496
7329
7851
10069
34060
33542
38371
62843
40226
55529
15706
64091
42762
11172
47570
50227
6229
20179
52860
56552
5591
27215
53479
60990
34869
64568
49309
14335
21507
13694
31504
34175
9130
63882
19574
18740
55594
52545
30163
2215
52194
9852
26538
6421
57422
56407
40365
43671
6549
29060
35736
36890
35368
11693
3236
21474
46228
2279
45723
61341
41511
37020
11499
37789
59024
23120
54049
42586
24656
39459
64106
26488
7304
41723
32939
22596
22286
50456
22069
27681
55593
56200
40264
18718
22311
61246
42830
10576
52933
42176
18419
334
54052
6564
46149
51103
23368
27735
50392
9578
54491
31574
58320
17774
32195
36202
1632
5307
36502
56747
8863
43281
58653
43682
13566
20631
5963
45056
11400
34180
45847
65365
51922
18929
4788
14616
24148
24681
50862
17002
20727
18859
60847
1548
17137
34465
22391
51474
52929
34549
19443
13013
12113
46520
26059
27792
15656
15940
16434
27616
38192
12709
45116
2327
53911
30244
58757
10806
27170
15699
37637
26865
28211
30959
3725
11808
30752
23968
29240
25462
53953
63175
63985
3808
18693
30518
59464
25272
1992
1240
51387
46578
29773
52577
33766
19593
56605
18948
37476
38946
21786
39371
28618
44593
47665
1999
48760
45195
12094
29553
9292
56281
45301
63714
28846
8761
412
5843
4259
264
26366
64546
2032
57406
63764
44147
27246
64596
25520
42798
2533
53372
27978
27664
26536
1473
61273
25420
44226
5538
55925
45440
36191
2926
60693
8549
39115
36710
36829
366
36237
62739
19007
31080
15412
20322
51186
34952
5416
13275
55652
22044
63110
48833
62485
33731
49780
49669
19476
40790
59109
45369
31619
57477
29723
64349
49702
44981
50329
16709
54109
41026
31571
61392
55698
40040
65048
65252
59424
14126
46560
19675
262
24071
46579
10415
40743
35045
18673
53117
62878
34649
33831
16828
34869
19086
43253
43913
45948
47966
56128
59347
2802
51122
33735
28708
6602
49960
24699
34068
43541
52871
27897
10685
12992
33899
65461
55811
49366
28479
14804
55583
686
21571
20414
4407
8306
20851
25525
31861
39838
14355
17276
7014
43300
1388
20850
34116
8384
26952
16889
26248
6137
1622
3492
11356
28810
37215
11234
17579
396
59425
48049
54417
39946
5833
29957
37179
9606
3470
26418
2372
24543
8024
63980
30075
54900
61550
44424
51519
42578
45780
44518
2600
49522
37439
16647
45363
34249
33606
44642
48198
24291
14935
26914
7294
29039
53729
11700
1258
52109
10598
46106
30071
33212
33038
54097
103
54262
28600
50767
36454
26197
20109
28328
59719
27972
48984
26233
28553
35912
36420
9120
7140
17006
37361
29191
46621
41303
22515
48510
28136
64038
40928
63559
11687
25421
10713
33956
41004
23015
39145
11612
223
2334
45942
15936
35667
63612
43197
27394
33162
47696
26553
13546
16278
55036
32618
7876
61287
62567
34222
41357
64035
31459
34845
50760
47370
6812
7890
35921
29241
36203
39402
21773
22311
36696
30657
7656
47887
36406
34514
61714
43650
27787
50995
37338
30306
17176
15366
14894
59646
64034
8895
59667
56294
51740
24580
34559
47543
32676
24527
26391
25376
41324
30633
6229
52397
63717
10909
28894
5842
7554
41722
53550
52739
37743
13860
13081
39425
53674
43926
60375
40598
49227
63645
47794
44101
36707
3139
9706
48790
22961
9770
25670
36343
45586
48767
31694
38619
48416
54741
36842
19845
5868
24919
11687
10684
33500
12367
43255
39108
39364
30002
50603
12207
62665
26724
44500
63347
9083
64163
65050
41923
61553
24506
12081
39309
25095
27989
34805
31804
24802
12301
33504
42199
43237
39445
58564
63230
26398
60749
59750
55438
47743
43809
22125
12167
63513
60600
54697
58833
49450
23525
3112
9858
9894
42319
44489
65219
55468
9790
42235
28422
25487
48856
44903
60460
26061
39147
7483
9614
56843
12319
62819
930
20897
40842
64435
64484
44745
33554
46718
7829
3174
33120
11113
45962
13381
7936
58545
27720
8603
56681
3118
8290
25428
24960
22454
53864
13392
34773
35228
63229
2755
41841
34509
20605
41518
64336
12813
63096
59693
10253
57712
58407
24199
63333
22136
31364
61981
13826
40975
4143
30738
24735
14083
48840
10049
49754
49636
5747
47214
29331
37161
38370
39633
39041
40511
3201
9702
32693
61713
10202
2073
41206
23408
54816
65489
45201
34188
27615
32179
9921
5752
37476
4317
49670
31898
37156
36151
35520
47355
21939
64046
57532
24796
33360
64428
24801
1466
40244
28362
6223
29714
11668
15461
61610
6310
23936
12588
33195
9011
33596
6232
28510
40740
22057
63566
8557
41273
28736
35579
56088
8707
24109
24680
23238
39473
14271
35691
6431
36044
53519
39950
11807
48894
1340
33241
17405
41668
64483
61331
56345
4649
7355
5947
14050
26114
30736
2672
10930
42586
28106
2189
52299
58014
4797
8195
7336
15420
65393
34676
50536
19848
41849
1636
27452
59195
41539
55610
30063
37834
34047
55048
18498
32681
10738
53283
28513
7849
59262
20039
17559
50244
19981
9515
29676
12314
60184
1148
19648
28846
55757
64215
12889
53481
23665
59527
12056
48381
14429
48944
14887
10955
27569
46963
42404
52558
11137
55411
16982
53985
55039
22277
8591
26363
15172
41602
60908
7798
10187
33543
4913
4601
63165
33443
3165
41410
33184
14263
7069
53754
12429
9899
5274
55393
7945
57200
15724
65417
42503
43169
18178
46079
47400
38803
22272
22289
16982
60023
61475
61514
7872
567
65344
33250
35546
62122
15544
3636
57801
15673
47667
5069
30420
44410
25902
26892
17961
50023
22522
35877
6024
4103
22976
31653
8373
16524
8714
54903
36865
18209
25781
34251
44623
11652
56705
32222
15588
23767
43944
41478
22561
45695
55187
11608
12687
31053
16485
905
10770
1581
25670
13873
62538
59444
60173
48809
8139
22104
60245
6315
14673
36174
24416
63337
41057
48324
37928
27631
25822
63692
30105
43373
10169
928
15687
58400
54102
35284
48771
61765
35580
41
19648
25649
35006
53308
56598
14927
53289
3840
1540
48321
32089
5472
8622
57597
17675
63884
39024
59902
5141
16568
28224
56802
53958
34654
13234
17890
33634
27146
3391
32688
8960
61773
8944
993
943
29083
27492
40560
64654
37973
57692
38398
39380
8404
1192
1369
33626
12858
4524
46546
8279
35570
44100
28303
54651
11270
32939
36517
4938
41295
953
17580
22261
20274
43800
55123
22742
19972
50155
56706
14914
34721
49793
47137
47726
2596
26478
22240
50091
32896
19113
26569
27117
41639
20047
8057
34780
61181
46190
39540
24779
2831
9192
10294
29031
42732
50671
22642
33702
27492
62414
11049
48003
33308
47619
26494
29205
49958
36791
12935
8908
30999
27728
63742
26289
51546
4576
60009
26636
47671
48154
36607
3548
22948
36087
50352
52681
22917
23339
35362
38622
37271
61623
52001
64621
45067
13494
60825
54478
15583
64618
62565
44081
26073
39942
59085
11493
17891
12369
3352
13768
34624
12098
36543
45272
13242
41132
54934
38117
11112
24357
51599
46987
37027
36281
17069
19161
37840
59376
302
15900
37261
61503
43452
20334
15619
32061
64140
21068
11531
2586
23368
37376
8545
2637
1932
2338
52596
48192
9540
3189
26930
46908
51215
23705
62769
39466
30517
52541
7394
57920
61081
64879
55677
44217
30474
43717
46782
63311
61298
16689
22397
80
34695
22288
59960
47257
826
23835
45233
21293
44810
35993
29302
27413
43304
60400
41241
27590
36087
28025
24610
48064
7484
31911
46892
49106
41134
2979
41555
27611
36834
7767
39392
27831
44710
22979
32825
11280
63480
25803
854
7985
47049
33629
63235
9039
41462
18887
17434
24732
58226
58565
24777
64745
35400
62799
14328
14596
57963
42710
37966
27278
3648
13450
10633
38957
27528
44688
3341
22244
26334
43733
24753
