33507
52665
16408
50849
43347
48530
31597
6318
42314
28983
54605
50757
46628
3347
47506
31967
43113
22825
16894
58172
14329
53252
55935
14362
63556
13074
18514
350
50932
50534
35825
21702
24136
56906
16903
25799
30002
30265
36420
18830
62590
21773
24975
43487
29699
26571
38224
20321
5806
27622
1418
10198
38136
45063
59385
39845
2360
16949
20950
13818
12721
59576
59938
20049
61356
62477
36262
49507
19973
47339
20723
60372
55138
44588
43681
11148
5144
4213
3338
1104
14030
21617
26682
10339
27794
5627
50841
42157
52684
40824
28046
8700
40014
57311
22395
30551
59592
1492
26027
19580
21544
29147
4825
22459
46435
54821
38204
26396
29623
10123
26620
26384
31478
41482
60612
51923
52771
48954
15191
2297
10216
26461
59850
28115
29449
14651
55948
8375
5215
20974
37959
26221
37570
52151
47617
42474
48099
37571
52078
20141
14480
53325
29527
31467
41990
51154
45072
24251
12024
17766
36874
39381
15580
47370
21394
11121
21175
15054
25883
64559
31292
23811
47667
36801
49984
9828
20263
23179
23668
51311
61649
29694
59305
2768
18222
4201
24741
38890
24680
59277
17477
56995
13771
37346
12420
64326
48108
45473
24527
18091
33157
42312
15931
26911
32165
30289
12281
55024
46755
57556
40921
9010
31654
49669
5893
45240
25088
16255
65296
9853
23515
35421
9549
33266
46556
62643
43554
60352
15226
34109
60273
47035
46578
22929
19655
48244
20024
57128
51671
47482
22902
15564
57146
37011
25825
21943
27644
51752
28533
57603
38868
11380
43229
28198
65299
47885
53583
35371
53308
14890
26658
9975
44422
64610
31847
46810
48423
64150
29378
20888
64567
31095
138
35654
64642
51141
57400
16938
31673
35193
45941
3855
12070
12697
45338
47231
39841
30697
41096
33550
1818
50486
18523
51944
13037
8425
64413
36618
26790
59638
2696
53055
7645
28368
55486
39222
61025
50055
17865
38904
51150
27356
11048
42029
1444
59482
17036
9545
61672
14883
50577
13636
47141
45859
20795
54498
46754
19027
57532
33057
58178
33539
23776
4721
3002
48582
61277
48562
32388
21131
25420
34456
40157
33558
61203
4127
52816
41634
9202
45704
4633
5854
14540
18690
7226
47851
29625
42662
1108
33327
36768
24049
58440
51049
55248
8170
29673
65429
50938
60544
18073
36175
50446
13053
28539
29818
10641
8592
19774
64298
24786
21993
60481
5292
38766
22444
51621
44856
36739
27881
51067
20090
61772
24952
6778
64229
33988
7148
21255
15914
44779
12017
53406
25855
54204
46578
47137
35184
56887
31505
18324
1835
18435
28449
61453
56318
33919
15805
43400
26336
55285
59698
60041
50679
32146
59403
37413
37729
55398
37814
48921
11531
28165
40769
17897
27443
56928
7692
47706
39491
62125
9549
49789
9500
2622
53187
64329
2620
1286
16432
25720
44478
19621
50405
55296
56855
19498
32032
65236
9788
63771
56303
60868
12155
41556
62763
56022
21560
36078
17450
47554
59058
62944
63473
50463
45324
29986
51923
57359
36276
37203
47709
58302
28591
64687
39534
13036
52156
37832
13147
12698
20818
38463
24481
40815
28697
54167
59298
18416
48452
616
749
20791
9931
60223
27384
20653
17990
40046
17506
63603
60580
5063
40239
18111
8077
52454
37787
55216
41779
60098
49599
426
61965
49294
24902
51584
14385
1463
56388
51905
26208
44055
48705
32553
37083
25794
46145
64612
44459
32651
32905
48881
17294
59597
2227
42597
38808
7200
7161
58535
37990
21376
23229
15111
63202
20346
63252
23096
25660
61721
13198
23201
52479
11208
26875
48800
41398
8171
58970
64629
4389
20519
60336
41403
29736
24301
58052
29569
53512
37161
31281
10251
33630
63350
53320
47616
36774
30846
46224
52597
42048
36922
39675
49345
24037
19023
60706
20660
44599
19217
3024
37337
3028
51696
44104
36256
38951
11653
14149
31724
58382
46182
2397
5601
40714
60295
57445
19609
4657
19651
58111
37727
20202
11333
14485
27077
6369
49332
43849
56603
58923
30870
28177
31167
11690
9435
28694
20315
3115
24005
57330
34144
64531
7233
17136
48397
56028
42917
25614
26684
64632
37792
41280
12832
974
6294
28371
38640
44190
21986
57837
56453
43540
63477
24389
46584
6943
11772
38169
42509
17108
41783
49704
61376
34881
49244
28928
48125
5916
20466
41967
26871
22218
50767
64138
36979
31291
26101
45938
9879
31229
28672
11099
32258
45098
12838
42858
21811
38925
55916
16286
33134
15412
56263
63902
8814
28658
19779
38625
29994
36227
32382
59978
52297
53743
9336
4032
41388
38461
9914
39788
58272
20959
15473
11651
43589
42140
53263
33799
30771
15484
15482
33435
27094
22430
47267
35575
17801
37408
11936
59768
45912
25502
43025
5965
45648
28273
21560
9386
44127
41105
15971
48244
40412
59174
23848
61317
60082
37329
32941
34210
39071
23590
36684
33639
61393
8643
18506
7680
50053
884
61602
52591
63426
65462
61902
7211
20719
52554
58160
43753
47859
40190
46747
18988
40044
40641
32595
9600
6287
47244
8548
55351
8843
38434
24111
7658
44977
23638
43463
35680
4358
12983
24084
39859
29090
51530
48809
3470
39250
38669
49831
54203
57716
65123
20440
54893
51255
29064
9899
24400
267
51819
44900
14580
21560
2968
55534
47504
42601
50197
9477
21611
1423
1973
36586
51877
38577
8622
49352
33686
7375
13589
8135
64634
58042
59384
19173
46494
15027
48382
55582
10780
64228
52173
2520
28697
32109
62020
40609
19986
5413
10884
41741
58390
48395
7056
2617
52833
38734
43010
13076
65138
16283
22337
23910
60451
7953
20079
49951
41738
13506
2380
9664
45817
43940
49989
28327
45182
55479
37812
5235
25554
10551
16908
33663
53463
721
61648
49230
42630
14010
39289
60358
25229
46584
22722
63714
32598
39211
51476
1270
21750
1626
10739
64627
5784
63651
41277
20339
39857
41185
49847
60397
26078
9652
46207
52991
11432
48823
13787
23406
63473
45852
29427
51143
9689
2818
48141
61737
65283
40840
13358
60457
38406
61092
24947
16378
8953
63251
52277
57782
27217
5920
51207
46067
51040
2040
35211
28780
28725
11818
29570
56124
40645
61239
37549
63776
47823
11798
11630
19008
4925
3537
54836
16969
46275
62163
54573
16537
24581
7749
59603
36447
42890
41806
3688
12668
52040
15740
53604
59576
56927
6783
46956
43317
17507
9650
61960
47488
24052
6106
7170
50216
33742
11447
9668
20823
48567
2683
53020
2471
38392
51500
41831
39749
63171
48549
19615
23912
49134
53521
16665
3220
17421
32297
3260
48168
15663
40649
43001
9958
27762
62754
55813
24235
5432
61688
15871
51814
35003
58624
35308
6415
729
42523
55010
7494
7869
17347
12026
9378
22506
36278
6871
30316
2363
58098
13033
33666
20939
41349
44474
37957
59476
52547
11380
37866
28087
998
62489
2003
52692
16473
23537
58055
54896
3873
40304
46050
15658
30005
12310
44037
64612
24814
35835
58336
47430
28947
28576
59126
30730
56553
5370
64385
43124
31186
32948
29195
31444
8053
17331
10488
33574
38023
15991
33988
14565
48136
50260
40642
26858
54104
13924
30681
48711
43960
41580
29003
31637
26583
6548
16969
25276
3858
20847
37555
51850
34314
3935
3688
25068
9228
46204
14411
19434
32818
26730
59208
17148
45577
39594
1415
63998
29620
43893
46848
14158
5823
17204
59274
15904
41471
60931
57724
63707
23589
6613
52381
20979
22512
19691
4486
26070
22207
5994
40068
35107
14908
49705
29044
40606
41370
11547
44900
9296
5010
42636
40496
61824
32136
39390
37772
55815
58908
39145
50721
9531
40854
48565
34859
8557
6828
54758
12055
48084
33480
54216
13599
51738
23002
48835
44953
60655
44655
40004
57480
38379
32924
38471
8797
45842
63266
56726
20363
13219
50662
10410
63370
23654
47754
59596
15425
48755
28845
57696
38760
54998
16816
11453
59975
5243
28652
37052
51656
38116
28478
24705
24444
58360
47995
28414
34759
17169
36418
57334
3223
63743
11051
62720
33314
5767
52784
46519
53154
57225
10713
45656
2262
57299
57547
56610
55275
9693
51549
28499
1664
48934
17945
43115
62716
26800
41640
2102
23923
39748
55477
8308
26591
23165
8122
35235
58713
41507
59569
7284
40327
29495
37053
15166
30140
65264
64233
11570
23892
41567
24972
14709
62878
888
13907
65496
46816
16650
56528
24848
37938
51221
47027
55317
44916
10551
14757
29579
18324
5692
38632
43945
33828
65353
26463
40381
57934
34501
56680
25300
28227
23089
19887
30686
59303
64801
13994
43496
43264
53049
2178
5523
40775
20089
11702
24568
62879
55026
18193
60003
61512
6023
37624
56502
55735
57915
17168
46571
5282
16363
38210
53078
47188
9008
2418
31978
18885
3598
41761
7439
6082
21823
27506
43374
12594
42365
46206
20400
26949
37622
49172
9671
36402
41221
57273
37785
33878
33242
50861
4454
51166
4273
60863
63414
11930
39842
52003
39078
64589
18471
4785
4587
7171
48207
15592
15450
49881
49099
61243
57089
25521
28819
49729
17025
53406
49253
52314
17261
61673
64951
8599
40422
5725
45647
14413
2051
17454
21095
4695
64301
15539
581
53653
29113
6447
22180
16042
31316
52789
60292
11754
57853
42989
56572
46770
27643
36741
3555
16392
46802
35995
17555
30348
1280
45423
46659
44536
33363
12038
25644
15257
33195
6352
17527
16482
18465
20080
57319
18403
44658
26568
36940
11398
18612
11053
9460
61188
25634
39174
3706
9147
6993
11960
31691
15998
4308
36693
39351
2743
44091
64108
509
32181
13167
51138
62113
38549
12357
26360
27511
49865
56273
1670
63388
8154
38490
21564
16369
52224
47902
9376
23012
10337
14199
56048
36440
63588
50323
32261
23442
40883
37658
8485
45163
28321
38989
217
22313
51384
4544
31239
35001
27199
13984
27047
60511
52465
17318
20414
63458
48168
38528
58550
39304
5670
42366
45292
54548
27234
59664
32258
44885
65094
11394
14309
20005
35011
22664
33609
62932
14299
9529
27341
11765
16366
2862
38200
34440
50810
21388
640
45176
14273
17849
48871
28441
10990
40706
11995
50625
4317
51460
51036
1388
46485
51082
52428
30072
33617
1410
60465
1062
56881
39936
64584
42471
24410
24173
38846
51119
51954
59978
28051
40523
29144
30848
62037
55612
58560
33100
33877
2903
3397
23798
61011
40591
29421
29123
53216
60185
42420
47319
3723
58662
10925
8495
35131
41870
21334
40455
20770
56933
61755
21545
13742
52131
55834
2542
20903
61828
18520
9452
52727
63529
10125
42893
25656
23477
14800
39556
640
26975
12553
15122
34570
53309
30525
16672
55780
838
7120
54049
29335
35715
10467
25485
23946
50933
48510
58255
2893
33421
11739
31091
63384
8428
5681
32045
9786
35817
44276
17825
44930
30085
19832
16300
17899
51827
48830
33256
16551
32366
59904
50721
14909
12215
29890
58859
17674
39853
1868
27876
48513
55559
16647
33699
28000
29144
31429
26937
21594
28644
51609
62292
30127
16013
29036
47992
71
49572
4720
14741
54515
24517
21675
3684
60575
9935
25531
9655
35697
7288
32547
43897
53934
58815
42138
33791
62962
27295
28667
20924
61853
13502
816
43318
12134
37710
6908
57312
47290
58370
46096
30063
2282
29238
51580
43624
39933
8950
31199
28124
27675
40799
4193
33185
57208
12670
11221
37989
390
24908
48586
16745
59758
36581
5740
11876
20143
12697
11384
33993
50530
20239
48535
51307
26854
58130
20845
37919
52870
53780
32886
24465
45706
54977
52266
60761
58226
6734
52021
61199
41557
35814
43614
37092
45991
1282
20276
29832
28401
29536
50047
64226
30831
8036
14040
1201
15673
1172
3568
34246
3152
17484
26738
32837
55339
63256
24676
55056
42344
30508
7980
43168
7863
41732
43994
22126
17379
59034
15677
18547
21412
35624
26944
46532
41236
32532
30657
36663
52829
52921
27749
17422
2015
57795
64933
17659
26911
877
52050
44349
18503
25050
8034
43050
36720
50030
9343
63195
33561
45352
14738
33361
11079
61148
27188
29704
5168
63648
42017
64514
15390
1738
30722
42532
23126
17556
42129
7674
62693
36472
1683
18689
8959
12419
32773
61290
13310
33848
52469
35669
24587
29885
43117
51402
37517
83
45543
18847
2147
53013
60373
30609
62834
4095
38324
25300
50838
27576
11019
9934
33279
9544
15955
37892
10042
50879
5888
63104
22457
32961
39318
2759
7552
36934
6694
27078
28318
36174
13487
47962
46872
16939
36654
3563
53618
47345
10341
21967
53746
651
2206
7882
44571
47995
53598
2149
24178
40633
26073
6040
4482
11043
63988
22080
29414
43190
50983
6549
58963
28655
41620
7662
36410
58348
12624
59737
8703
7166
19275
58335
26756
53680
4837
12923
9963
52815
6628
2350
29098
42531
56011
39375
16303
9679
29518
197
15036
13987
36594
221
2554
35194
49943
60863
4153
42248
32994
47553
32382
57105
31801
24284
8260
63243
54046
60595
46644
47268
30601
12089
42645
56065
39789
60979
11566
33402
31083
40593
18589
44126
9903
28115
47368
57058
61568
57732
62275
54841
22984
25050
59210
8365
5021
50017
23894
60211
13571
6574
11632
3023
46289
63707
49478
12731
11809
48154
59257
14890
4439
22440
57771
13041
58279
55654
59317
29203
18601
51049
61250
30449
37303
52619
34423
55187
12075
2794
17522
29596
53968
22916
61638
59632
17933
65262
16868
54402
4031
54875
55774
48935
21470
5585
20953
10772
51669
18678
54728
4591
58046
37744
24377
14965
40872
22181
38792
24570
13781
5093
40478
10467
34020
44037
40750
1096
29893
24653
51590
5346
41245
31008
54704
58966
1790
34430
57061
37961
16121
10254
40962
59710
4652
60416
46560
59591
27879
23053
17852
19205
43766
3509
6987
17183
38209
31278
42157
32538
48456
50076
37433
48808
26905
24458
55099
42827
8550
9061
33346
10341
29566
50127
14445
18078
18723
46311
37487
27835
45441
54490
20108
24337
23675
14950
56257
56931
41563
49822
4956
4247
16427
22334
34230
12620
54980
31555
14032
21492
1415
61809
57710
35952
21024
40007
43129
46360
9571
51882
45468
2016
56590
15864
50790
44827
46240
13565
33626
5232
17992
14579
2713
43034
59874
19412
53250
39701
17388
55694
39770
44351
30853
15658
21729
8099
28089
44281
58226
59345
11079
20958
52059
14385
43068
53448
12857
47928
41081
31976
59968
26158
15008
33796
4255
8238
12738
36530
41767
62718
5222
26039
53790
61678
48395
58084
11485
55759
38091
49537
57693
39971
37478
38454
1263
32553
36604
9237
15209
9838
45560
21131
56594
62547
13148
45869
48270
54590
36896
40764
12050
15601
7122
5009
4212
42935
51104
17146
20545
16608
25690
47162
55224
31711
16583
12274
28582
33732
11238
65518
6750
57097
9404
41995
44731
5238
62960
11024
45155
45008
42717
33430
14917
58260
49387
63864
7957
29370
52295
1744
22043
64002
17247
45923
46860
30134
16982
19994
63296
57986
3880
54728
31551
15440
2478
18374
14901
30747
52340
27591
65141
48115
8626
11761
18070
58257
33202
18468
30696
57551
39727
45327
29822
59521
47293
31637
34888
26085
3227
63033
42749
59257
27603
5343
11218
19214
33442
47369
470
62712
42428
49052
38329
23538
27618
21110
42227
22428
40911
54773
54535
44325
32402
47164
993
8032
11102
40999
8753
27572
54485
26531
9917
30051
17279
6722
62777
1808
10040
36650
28552
42778
63903
19725
32740
65010
43513
34993
54110
54891
4649
25229
7005
15312
43745
25495
36497
7711
9568
21105
27209
17863
16703
43046
56459
59413
41994
10457
41267
33039
31894
16905
26959
51640
11121
33855
44841
42157
27992
18146
27320
10657
21922
21787
24814
8639
62450
32808
45072
8211
57324
6155
12608
19499
65058
3379
15387
63564
55336
52996
5134
30585
7209
25259
34877
4657
26954
37360
46569
45833
7794
18324
3204
24015
32418
63245
58774
38809
48006
27922
20155
39026
4811
32818
36798
41051
60409
40689
41040
56145
29410
35965
43072
28693
24918
16901
24918
12167
23281
27102
48822
58841
5377
11635
27563
26528
61602
8605
28052
17299
3178
33213
32581
22027
60750
8978
59421
45001
45970
2307
55093
45647
40491
19746
41587
14418
60874
24265
11336
61116
35688
60302
5662
46073
65393
63333
6204
60352
4291
152
45136
11484
27546
54759
51127
25665
49825
6061
57006
28905
27070
24425
41017
48423
18263
48500
54201
41874
36340
59762
64898
6612
39862
35369
12796
30092
8465
64207
38867
27874
53047
15621
49453
57592
50302
17353
26630
26201
59921
7867
14805
7765
14543
44965
22564
26468
47778
55836
48243
5330
21280
33344
41056
36624
28016
43538
18266
57272
19566
22133
53932
56708
59794
54084
41042
57878
16694
42854
31183
36152
405
9494
49744
30548
59888
44833
29678
43993
25213
45884
36341
14302
44576
56865
19455
48130
32791
50504
8942
30807
1879
14375
51452
45655
65079
61994
21877
36551
26368
16046
29915
3216
13755
20153
8964
56119
21776
18709
22464
365
61631
53522
7854
25635
34901
64228
4699
26001
19730
56288
5299
3713
19122
38843
34824
31323
26631
1600
26551
62845
58417
8766
20924
27118
39827
37739
50290
16893
34406
46029
34554
20081
64338
51985
27952
23821
44295
10729
60039
9641
31686
49289
53548
4494
16976
49531
8721
21799
47140
33598
53842
34989
42333
38856
62298
11260
28255
808
56011
44044
36328
42688
24072
53280
54889
62004
31702
22688
33658
44946
50768
11452
9313
61616
61322
38559
25649
7001
5346
43332
35875
65093
8351
41485
32308
61749
3554
21642
24149
104
10058
37831
10074
62771
9703
46346
56304
8095
42572
63145
62082
17602
58841
45286
42347
49147
41494
5496
23689
47184
54618
32560
64714
47918
22472
4300
61435
50559
36412
28849
55739
56445
20304
5867
30569
6958
52553
46762
59975
32423
39542
61592
7885
41161
31897
62149
55728
5851
42669
10408
23720
49206
12551
30030
47832
56789
16728
6282
28416
52658
30314
31575
45181
57139
10714
35413
59084
2255
45410
63814
19299
25044
21819
54193
17757
43253
23476
21555
321
42459
17981
43802
38643
37119
9373
2713
16259
20242
40744
17419
11024
40070
63197
15412
54601
47657
65341
62601
16852
19908
22033
47577
36785
24110
43410
7096
50043
49632
16000
17524
53377
61500
18230
37526
63712
64724
12148
29965
14429
40245
40875
39614
41828
34007
39300
24304
20625
41915
26282
42469
52068
18582
22189
46282
38260
54656
37303
19190
64308
47267
14990
61330
21960
65350
41183
13303
52321
20822
53232
35486
45888
63124
55986
46642
15170
31556
9726
48858
27966
38994
32356
42577
14412
54071
63081
39457
8357
51784
41845
53760
6977
58603
46151
36171
30619
32288
39940
55606
29926
5008
21890
55925
28368
35862
2013
623
62553
25139
45000
13740
36807
49355
63708
2064
60004
20349
53468
26203
4210
21186
62228
1025
63224
32087
40220
55760
50529
14140
12079
49089
15206
31204
18627
30263
19382
221
45940
64567
62504
31706
55426
54780
9604
13740
33899
26956
33162
48753
62192
5908
57494
36955
28238
21352
9823
2502
41144
63612
49165
13053
46571
35235
47545
34334
22982
3449
1151
56339
6728
22342
42599
8967
17260
64861
28386
19387
36426
14355
60907
14331
33139
57505
45117
48343
38870
51703
10596
46144
11349
64274
47969
24845
32368
13075
16795
40479
8974
34835
4318
32239
1986
18013
28276
56485
13745
33350
38026
44665
41420
9458
16903
22339
62158
16603
492
30105
54680
61175
2927
4506
23774
4585
64034
5374
9463
2809
45956
17077
624
55121
12963
26430
57661
46466
28032
61452
65369
786
32740
17324
18473
45085
65290
59407
39128
54213
2127
17466
32743
34693
4921
43017
33739
11283
35072
48798
48489
47408
58901
34097
55317
31962
58631
35995
59200
36919
30085
11728
14842
6810
22623
6157
39444
10462
2529
2345
14496
5404
18387
34411
31337
64025
34259
36655
20577
33808
18604
32052
62246
5922
14697
13379
27380
31322
45046
830
14975
59905
21379
38920
11149
29098
43114
39336
23883
32924
20694
60987
55088
24799
30696
7314
33892
8006
46077
2535
27951
51394
12314
40962
19737
25224
54466
10679
41886
27576
1128
38624
54421
40319
9344
32005
26030
39217
29459
29551
13540
50434
47568
12458
40548
61266
4377
60660
59194
61076
57203
39529
382
32478
13115
7425
22014
60828
48466
15679
34621
53160
37043
59881
9705
7840
17553
62303
59938
7320
40069
43880
23303
10880
23945
25613
50208
40501
1809
37319
331
26715
10915
58431
41532
48376
39554
57578
19324
51821
60275
54618
36996
62364
14876
4426
12827
4126
16045
49188
43927
16078
19345
27655
53117
29603
38541
21399
8319
54642
12476
6368
13767
6156
8784
54996
63832
40270
4655
65368
27211
26256
34474
7167
31962
50081
58686
8498
10026
40475
53676
2553
52293
24130
50263
40607
52587
12131
64843
23560
18543
15330
63262
53090
55287
5858
39137
21845
23145
25302
52060
10703
50773
19696
16014
56222
26596
27822
7430
56765
55285
27814
53070
9839
24246
50796
55801
28570
39778
53335
45355
62647
44589
4321
61581
60807
18084
18143
20293
53985
11352
7997
56701
496
19563
58444
4888
3644
51534
58711
23370
10230
33130
60675
6115
41571
64457
51446
49542
22138
54586
17330
44503
49838
46808
7795
64122
24713
30830
11146
43709
34676
55622
13264
8200
27603
63136
50630
9072
9157
13984
9010
54522
40595
12336
40800
25768
28576
58709
15649
54854
31337
11838
41184
2880
50479
57945
47586
28509
14524
16754
60726
15215
5355
11339
46016
29704
9147
28347
48524
49328
58528
59776
62292
53344
59230
44705
46860
26843
41041
38308
19329
23803
19846
52339
48260
1170
23167
36418
27581
58807
3061
51102
33112
29536
49842
27483
46740
61073
16929
14873
61158
31269
6209
25331
22421
64920
2861
49408
52188
42944
56411
42989
56430
33849
44447
824
62920
64184
5735
58083
35261
36862
39105
35134
48376
24990
27823
11471
15491
17043
3081
20320
5835
35363
44326
33045
11816
65489
24655
50322
6773
26316
1258
53212
65380
30932
13613
18768
29250
47696
28487
35036
53065
52344
39220
15568
52313
61108
38495
51566
28118
31784
7307
11638
33317
32568
22740
57964
46504
4835
9275
22680
22494
6821
35052
53473
45214
43534
37223
43825
4758
23476
57780
22932
32101
42991
49243
22152
46246
26155
24135
57872
6207
12137
32145
34454
25220
30238
1830
1909
50466
32864
36273
14778
35317
53938
32215
12319
6878
55603
35850
46489
17922
44982
14355
59279
57543
13874
39323
6804
22864
6680
54747
42716
4559
48024
40170
8822
22888
61972
6586
40359
36486
24754
10553
39764
36600
60923
41998
9674
47645
58538
38707
12241
46699
36767
2568
56268
10566
44627
56733
5887
42200
38968
47
14818
4555
41574
64234
47455
32481
13562
63389
43676
2206
24540
59841
45473
16814
1859
56807
27533
38968
58668
52830
18419
43178
9047
16490
9976
25786
4514
26137
32766
55227
25283
20315
64080
23180
58749
34812
10599
17063
53028
62854
49835
11831
45336
43011
2158
4066
28276
51119
28066
755
60449
63477
20030
17147
54217
51093
23105
61199
24533
16722
29304
40998
9936
31814
33376
29257
21036
19066
39646
47276
34938
53729
31089
58088
12361
63477
20264
40366
8375
16699
10633
15529
18216
2250
26574
7065
26876
12786
46576
26364
2112
62026
56559
16771
41363
13531
5211
32309
48717
10282
18915
57382
59362
11490
32502
41607
14412
8424
45400
53798
40544
60978
46560
9473
21535
30695
7682
53769
34660
6675
64467
61712
33252
45686
55670
16721
14877
3152
28554
61927
36599
57350
1533
5328
24368
51688
30250
42127
46334
54134
28705
17088
6267
57767
28205
31065
38436
7083
32302
21829
62887
44313
18269
25297
56401
35814
34518
54761
39538
60129
38319
48334
48032
59015
61043
10084
63661
36072
59263
35277
32548
19669
60600
36252
44233
21222
1055
46760
36601
26805
35845
33089
36058
48354
52534
46699
18715
27963
14816
12186
41501
27891
22115
64437
41635
53649
832
7863
10575
22186
1063
49893
64510
21938
1712
14467
3446
35030
17638
13697
63590
54696
22901
39546
28513
58181
45732
33018
6866
19398
16778
1749
8461
64418
60316
13930
43346
749
57486
9483
49293
12230
10876
16667
42894
1598
15495
50985
42162
10929
30703
42388
51112
7330
36732
63144
41597
41591
60067
30796
21010
30232
54861
24128
61584
61023
44301
55446
8565
30228
13919
14048
34123
12879
64467
36997
17459
37569
57284
31682
2826
34948
19790
20840
41627
5751
59286
59407
31505
38326
25853
30451
63758
47043
5815
29388
28359
203
54953
48352
9654
36766
54347
25432
62515
9797
27197
17472
2434
11744
59104
34819
50242
46656
28298
38779
15670
30872
32746
1614
22485
26536
60327
142
29411
60006
42640
40148
2518
53038
62908
55532
28294
45520
23007
51358
4121
34247
51386
62704
46600
5144
58446
10534
43844
39231
49422
32166
35439
23969
41522
63484
19142
42306
21865
40875
52350
33906
38018
2682
4905
61656
61365
9297
64415
53161
24662
3935
52798
531
54503
57873
30159
9866
37484
19568
30082
49198
25559
39739
10110
13549
38110
33655
43812
59321
24443
11675
10686
50110
36121
31371
40073
62062
37150
30748
35140
25344
45203
8835
59861
6650
1989
38773
58304
56084
58412
54700
1800
49893
34745
6489
29107
39616
6789
41768
17755
26093
58883
32122
8191
65306
56801
5379
43202
33959
3173
8033
17055
64515
61521
32898
36750
19530
28507
4154
6613
41973
39512
19848
16867
47938
23709
60664
64277
23299
26668
54446
25469
57470
58162
11445
25292
16156
1851
47309
29181
54493
60233
52615
28735
11880
47419
3100
60919
3413
12635
14699
10495
40458
44271
44442
51126
23402
44380
39968
41522
10635
42625
40247
5127
55105
40783
26161
56616
10098
16937
42084
57744
33443
58533
244
44699
62474
62371
28086
37585
29866
13025
38158
45790
65082
48982
34339
11423
43550
14456
55103
43713
13077
64866
19190
22892
37362
52763
14852
45759
33753
38326
1750
17552
39004
30686
24793
16802
37738
28395
13898
25510
50977
23663
3396
47616
22830
41742
39389
61877
53891
2736
17899
24854
25748
25309
15074
56671
55273
35844
15150
31473
57411
29510
45084
42100
11410
54170
11242
10866
19317
3632
28927
9546
35501
54852
27849
23336
63569
11108
24775
1348
51327
46890
53515
62141
5703
52106
41320
13035
47205
63252
530
64442
55319
1676
60022
57619
25097
26297
1660
8074
53770
58166
9457
43323
60731
15661
16018
54240
16910
44848
36430
14761
29639
3375
27285
8887
9000
35665
1056
53827
49929
34693
8618
25047
49319
62262
53419
18502
15936
33319
51779
56765
20468
50107
39835
17455
19907
13563
3018
2619
11934
22240
64253
19976
23791
33309
34623
21018
13823
38046
48018
64597
57940
13860
50776
9867
59818
26030
30706
44766
6116
898
37303
5008
25328
3312
49927
2836
13158
52349
47712
17036
1876
2957
23960
56947
22229
53986
9450
10402
8788
37420
25044
19930
25267
47593
13821
44745
27307
27150
39627
32287
54325
29155
40068
42730
50471
29292
60994
18006
57053
17263
42270
155
44165
39756
18302
58660
31769
51038
62519
15010
37730
19582
9182
54718
21334
65429
14341
5887
26918
30069
33996
61361
18594
17726
27221
38334
33120
3283
17698
26203
51137
23989
24655
21766
3986
40126
15697
25137
48447
53925
27609
30085
17992
23784
8405
23956
22172
7992
39681
56123
20903
2763
45369
35478
4670
60544
39264
113
64464
47322
17441
10153
53683
46666
59631
3518
2796
28533
11379
24057
30960
64845
49580
26515
13363
41230
38933
5349
3552
8466
62253
45863
56827
43410
19357
234
10739
64811
25370
50075
62611
57535
55734
51006
626
37262
19672
51155
4030
23249
17431
50477
8483
31177
1541
49771
9211
5050
65208
59980
25291
39469
54345
29762
43338
5390
23490
27569
21833
54140
8821
27102
41725
50123
54272
55578
1804
29870
29751
32310
56988
37825
60829
38463
51550
1513
36884
43764
64864
14707
41497
6326
29809
41422
54949
20766
37270
53188
37945
55117
61905
61124
41904
34791
5853
33049
25734
49675
3374
39137
18299
37357
52211
51320
3277
33848
18709
3642
7383
11210
7594
1479
19588
27649
52815
58189
17081
61751
6086
31195
60790
20916
42839
36242
19988
53164
33680
65094
3911
19179
9245
53506
26552
7900
11361
28223
11869
20670
58258
60539
18485
36986
64665
33525
46169
4100
17014
58390
33963
44231
6018
9261
6252
19826
34029
13433
48266
1304
43391
62380
1819
52755
64810
58013
26174
10472
51055
25740
56227
30208
44560
47690
827
53494
63913
49844
55160
38321
15302
11258
6172
45909
59240
38244
61973
19447
24540
33565
26359
15918
25345
32354
8767
28072
27523
5102
20521
24751
48249
51272
2205
5954
58551
47312
30740
50983
30617
12625
48553
63498
6297
59464
39708
19141
47849
57227
9114
36637
64195
6290
2529
43179
50444
61983
20264
3160
35503
30449
56786
50204
39661
18033
3065
287
13304
29570
40228
35013
44132
15997
1886
9594
24634
17208
23277
16353
52321
32755
23798
50609
31426
28364
533
26013
1626
37178
31356
39168
53447
812
14569
20000
40032
64014
55143
42200
9600
27730
64801
35577
16377
37263
48558
29584
11979
22566
30347
55350
32756
50243
25079
24672
32111
1856
34524
55888
21572
42950
29835
33246
25812
64250
31092
9622
61276
15895
836
14876
3563
41558
47585
20595
1918
58618
54729
1001
63406
45207
38129
10889
44876
64906
56251
34700
16590
61848
30889
53438
54614
25635
50603
19148
64861
20327
32039
7072
8792
56377
20190
2873
43693
26483
11181
14194
55142
269
33046
60315
5267
20119
59112
64905
56534
37302
56205
8170
30746
11060
54672
34504
64369
50913
24344
43475
10222
58921
56436
62550
35881
12871
48084
19119
63811
40233
44884
13267
53652
15989
21642
3364
16214
37228
17876
31741
9736
6604
62773
18090
22306
12845
63548
51317
4904
55795
55330
59360
21431
45812
51987
33087
41217
36772
63077
21403
28251
22535
54484
40731
19302
23585
6247
35927
47636
17275
32738
13337
4979
34185
10948
23337
4278
43511
59935
61474
17105
41075
5368
42161
185
41282
34776
65263
38314
48139
9364
61553
56451
22805
15140
64358
22993
4935
29507
60275
11922
32482
33700
40075
6715
9108
31324
24182
59929
50993
13002
28752
18698
49148
44345
36521
36985
61262
2323
44994
44089
45807
42189
39891
15863
24723
48914
9151
58017
33156
34448
57396
51976
3820
25566
24848
49724
3989
47068
4559
25990
60466
4671
49172
53010
31285
19935
19239
62421
25671
17947
34132
15182
40229
23871
2472
32781
10412
55933
37887
42519
52554
10347
5088
38084
3501
22352
23088
37151
35239
16920
35061
16215
49089
8684
9865
52826
19223
62080
8084
49052
39541
52836
6778
51996
43443
52596
19514
65531
5473
3042
34205
64531
42639
64839
13429
7197
60944
45330
23752
38777
14092
10409
35245
60501
3388
43642
26126
41506
61906
16169
47113
47135
40935
3751
2113
6832
22362
52449
60124
41714
61655
57747
15839
58360
10585
26543
47076
58040
63733
59446
58422
17995
27072
21785
10050
6366
1333
56707
28638
9984
41050
42450
30524
25247
30447
7159
51273
8449
29910
48282
46779
61770
565
30942
32311
855
16004
17379
9764
25562
57963
63817
62511
63220
59972
58120
47375
9084
53466
35470
40057
18513
60582
54295
29596
3068
8460
4
44411
46203
48954
70
42924
30046
29644
57288
51617
4203
64936
48172
16866
57705
3924
26268
24664
57781
15177
30797
3087
22862
8226
39279
35371
24494
4986
36255
28864
64609
1232
2845
33686
20089
47074
15675
35041
54884
41905
24081
27841
57059
27943
62193
4507
34206
65460
11783
22698
29555
23727
51554
40235
32784
702
59226
13481
55232
61450
58387
17085
9891
52950
1265
30100
39425
61051
27016
58289
2297
49260
10094
15245
51479
6970
10468
44575
38664
30042
15740
40494
11737
58346
41839
51918
57328
46846
40900
15330
35968
6198
6738
51827
24507
22553
62545
44729
17340
23041
1150
63493
8958
6978
16064
32232
36842
761
15715
26845
32823
55650
40205
4653
35301
64936
30998
35151
49970
18997
12795
45676
30980
54217
61425
18420
752
34460
46222
17886
49519
18838
21088
36901
33550
62444
62108
25017
33015
16978
13934
52966
45411
10374
60811
35406
47225
44106
45118
34823
27017
25198
45443
34387
8953
30665
44810
50312
48544
41679
18938
6196
6068
34900
23734
9228
38229
31282
60503
47581
48225
63699
30938
623
10587
51621
21766
57575
13998
48856
45522
29387
33859
6558
19385
10489
39123
54512
39150
64162
45640
18876
22124
10313
60610
11831
41481
7843
51009
10482
12858
54064
44577
57016
49033
27231
12759
39047
18165
55897
3054
54359
28960
57528
30449
44559
29464
59606
6186
41514
33813
29319
22031
63233
31902
63944
47251
38694
64986
28549
21252
5878
32060
43065
43167
40361
15685
57322
21512
9028
37144
36444
28279
36042
30165
27353
37984
24580
26429
56678
29791
1639
46285
21728
32898
16525
29833
15759
1278
33053
15153
51781
34250
4554
56199
58364
64904
60267
24053
10469
10835
44443
51051
125
58060
21588
55947
7713
9838
50043
40117
29754
21913
51801
57437
1687
20691
42721
8042
43611
26825
53332
25354
56290
22148
26429
27700
29698
46828
48829
47548
25511
22842
33028
11543
59023
57175
27165
41106
45883
54842
12887
47657
60880
27862
39053
60629
36412
2698
43577
34462
8968
34902
17977
16755
41766
8456
6529
17410
57222
47387
12122
48772
59920
32425
40790
58897
25418
61121
60670
53483
8898
7754
18501
43404
51608
29544
14654
25208
1735
47309
46932
19651
23182
21309
22177
41421
37409
19033
4424
54657
51614
62113
46726
44653
15936
8898
34464
58827
56846
53494
63428
27663
60223
22236
9350
18319
25156
11239
63315
44174
8755
41329
14490
39658
26030
7935
22911
55176
52660
61332
5042
15188
43220
51802
39040
51518
47216
24187
13089
5035
54722
30475
52083
9078
37478
23596
49414
60844
9079
63810
44240
7037
37460
35047
11664
64973
27740
13622
51132
62813
32520
26658
31741
19279
12440
28219
35036
5770
52413
50908
48502
57993
63591
5996
59225
11633
10913
51849
11645
10869
47656
12641
19441
32073
26834
46023
22995
60540
53614
44916
38021
13997
54009
57507
31189
6076
310
9522
61205
43539
32502
4711
24129
15653
21157
1293
5466
44791
26349
58980
6362
27639
50411
55077
62125
45443
22338
24394
40262
41535
61528
20293
20018
41003
60690
7278
36222
40900
52082
40350
25445
61332
21567
42772
20729
54977
40707
59417
40285
13027
38893
28058
64205
25106
35050
64163
15098
1913
14873
62880
13753
56644
3896
47773
8006
33558
7626
55358
62645
5065
17593
34685
46683
38798
51288
62075
33122
45492
15177
46037
27911
47791
16026
39627
15008
1751
18924
60868
17863
15810
9601
56266
57165
33736
23431
20478
50686
27693
58951
6480
20819
15925
57329
1026
65405
6614
45018
60405
49629
65013
33263
25028
41811
53336
16165
64370
35342
58010
26015
16699
52200
31823
41453
17805
28690
27401
62766
33863
33316
5441
60693
60604
11829
63065
54003
56290
37693
25708
41435
62066
5316
17405
1167
41862
47759
55666
28216
59427
27623
65452
11937
23736
5796
53137
41312
61110
63577
51081
27538
54089
46049
28837
26575
6277
33318
27212
26458
38864
53445
57650
23854
25927
61412
1832
3292
2467
6703
47141
62191
17262
41831
21320
7090
64444
20388
35178
57801
24186
19181
25475
1729
29906
15050
813
53040
20998
23003
57964
48337
20909
48908
13354
49446
14278
11994
44792
1821
63384
62288
49472
30997
5379
28002
42142
40914
43193
56289
3473
48872
39951
22101
3204
57190
4556
34344
43797
38015
42006
61482
24784
33590
20055
30220
49279
64874
47594
30900
10527
17060
22483
17481
26976
34030
22738
41744
4731
65445
60832
17105
46251
35333
51626
64880
56565
47421
14651
34875
55194
43177
38794
26585
37977
14687
16268
51489
54865
22500
8863
42867
49132
53974
7912
26645
36660
16939
26941
54778
59629
36480
50285
12048
59498
24594
19196
22110
5848
8302
15857
46350
35509
31237
64347
44570
63944
44226
14747
34255
44908
43380
6509
36905
42558
60791
53528
17083
34549
31857
36056
13019
36388
10173
21132
46680
42524
48415
2788
8272
28858
63797
217
39763
5826
50531
23900
63949
58375
22485
16235
63731
65228
63188
21517
57753
57191
33092
20177
592
22727
22639
50863
34616
43836
37674
60410
33832
45898
10348
63
44138
15135
52962
53491
15457
63428
2923
31683
8328
9530
62434
29007
57241
55846
3225
47160
54835
18779
2175
47603
577
48036
22157
6124
15698
64146
53157
49585
45981
19007
21816
63321
53373
46943
34960
54427
63635
1564
30358
54580
23988
34342
40814
60070
16699
21744
38088
54560
21266
40354
53226
17851
43881
56860
17094
63739
42813
14928
55620
57566
22668
31749
61440
19298
48422
21536
46746
43819
34362
15566
65242
35791
21581
29245
19505
2296
14801
38961
48380
15078
38095
11149
57402
28992
35057
29711
43781
6106
22434
29950
45683
22748
51968
10290
14055
24384
26760
54707
30980
30984
45600
58006
30801
59595
47443
18511
2004
32144
65127
34011
52870
47580
37463
47015
64921
59520
23247
58988
5057
58209
9646
6999
10785
63557
29049
49294
58970
5376
44872
30387
31539
5544
48904
42254
8565
32960
41003
16976
1202
45192
32466
15357
53904
52937
37832
63302
1661
29583
40450
64397
33364
35058
55930
51097
1424
52482
60505
39851
58827
27437
54680
49704
34879
13929
373
3537
48927
45110
60299
6832
43740
60184
17531
32321
14117
14787
11902
25842
5757
37857
17018
60806
5953
13811
12936
48738
44166
50571
17852
13792
22033
49951
54120
25697
4063
12813
4184
30332
23519
34401
55604
64757
4217
23361
56014
2147
16063
47206
45329
12905
36666
18769
58600
45871
51531
61600
64167
4481
18316
53228
5836
57698
45611
4363
56299
33168
56430
50794
12830
41316
11619
29013
14540
12401
7748
64694
4430
60922
777
51059
13954
2366
370
6658
64602
10553
26320
40883
42847
29491
56775
44688
44878
54658
49599
19100
4368
12007
59517
45843
14686
64480
55886
165
42665
23507
22380
58888
9816
28157
56027
5928
64244
14973
44796
51142
61808
59931
59980
25161
25559
58411
16303
28664
23823
40394
30406
1153
27155
238
18668
30206
49381
34898
35761
64779
50621
51484
54959
7585
16137
64104
4612
18353
35773
55616
48309
31860
18952
14078
23648
14423
19649
41358
40875
40457
5988
23934
3970
8017
8804
1384
12410
33908
43759
49563
15737
8754
37777
23718
29881
11090
54274
3196
63603
6641
45031
2254
10465
31665
58129
36319
41280
39462
2843
47417
47095
42098
45258
56318
46731
27702
53504
42019
1387
52714
38742
10901
58390
3895
42816
54893
55479
31408
23657
35381
4079
37567
45664
29858
60450
20830
59567
36081
26754
58443
62698
19584
15496
57517
7221
61305
36967
50042
25635
41746
3241
33515
15984
60253
29447
36183
4032
26342
24598
41108
13879
57982
10202
45826
64496
32654
9026
30414
31703
59279
12500
47160
2276
56583
20323
23751
54286
34940
29518
13420
64123
57841
35440
64484
34777
19681
10681
36923
5875
27864
3073
44272
44782
18784
15849
34720
62087
3726
5547
6767
9564
33044
51408
49229
553
62421
27536
274
64845
35617
40397
46601
51133
19956
16676
52990
7392
61959
64378
10440
46406
49486
3630
15635
52955
48069
13228
6739
43259
44724
29207
63534
15674
60994
23637
26691
11040
26959
34106
57002
52826
43424
62373
28802
40973
32564
23118
58106
25563
56168
44333
14159
7009
38660
64844
5266
49595
59933
13633
24600
48268
29411
12145
22686
14438
10927
7523
34772
12846
60248
34829
30382
52468
64563
46783
55916
53117
5650
43261
25973
56423
45118
18184
16558
34188
30437
54448
32231
9277
4137
14696
35802
5835
9522
7595
48372
16758
45712
59642
54658
56300
55163
22221
60131
41376
48800
16365
31481
855
58220
22564
46637
7178
60409
14000
558
46457
3468
61723
51300
43380
38546
6022
59348
11521
42189
59551
26261
229
42153
20952
9439
38860
9690
52947
25634
8693
36878
65346
50002
49011
8776
54780
58358
60198
54680
58489
30279
41693
46277
7324
64924
15878
6325
16382
41965
59652
419
1349
57790
38404
56505
25802
5063
42394
51628
37958
16273
42264
2790
31775
57326
10916
41103
39581
1998
31834
4464
58519
14972
11951
54036
63543
41984
39956
64332
62548
19336
40774
7668
41162
60677
24277
50246
5457
64977
36769
15434
22866
57774
7720
28464
40902
33167
43053
29330
4593
57117
1745
56132
57609
58315
44329
9422
2640
8892
39869
63123
15458
41494
21100
3042
11907
8659
24054
53261
34659
42680
23038
65210
28467
31780
41012
47058
46006
15226
36313
3657
20750
2370
34188
37110
42430
64085
19828
64405
21804
7960
47013
44732
54116
1861
51268
60110
63277
9906
42168
55686
17113
12974
44223
13338
47513
38699
2849
62495
37011
58604
60815
26563
52136
9785
28305
60874
28787
29474
12413
54217
53033
2341
16794
3250
60612
29048
57381
1252
10114
64425
33958
37599
43412
16724
32713
8299
17591
36060
35342
31596
63300
9504
608
29184
40984
64150
6673
62674
57541
40677
40730
62234
63622
51169
45420
58931
12210
45939
61070
51151
38815
30683
5894
2410
49349
46473
51050
45993
5636
35835
56140
19732
34621
28104
22734
3311
11255
37073
64542
31381
32624
21632
42511
58033
56238
41906
1325
12883
38816
59576
16
48600
55380
49279
42207
34206
61735
56366
35797
54846
34189
28025
40069
65061
18487
55734
33665
31132
6891
9647
28751
22297
24428
63765
37604
405
26205
9930
11034
5564
63703
53941
8693
16136
63702
21225
60866
4679
22357
57648
9753
20688
54117
27622
17751
1874
50516
35010
12917
4354
6874
30311
8182
50221
5960
46848
32575
39843
17043
44323
14021
30174
55625
34840
20867
38674
54284
13662
61378
25844
56559
49398
48781
30274
40896
46293
57089
22733
43505
47330
33725
25119
63081
9469
12697
13248
36621
53477
30021
33583
33370
18032
44320
4988
38063
21044
44152
33912
39931
36429
37048
10555
42021
8758
38153
1354
6870
54126
35615
56290
19565
2370
57589
26523
32143
10361
27207
6325
44905
20628
34534
4529
36518
42942
34100
63460
33135
59763
43188
34895
48656
18926
15535
37340
7988
1022
47213
51469
3347
23038
810
25130
51576
62821
20943
18118
53376
31328
63882
27347
4849
13277
14525
15585
23911
49387
42597
34996
61272
60495
53993
58004
31832
43729
33016
53344
37833
28471
36470
27700
38911
12706
31754
63378
9410
45710
20720
30215
247
44747
1988
62224
25992
22705
44921
29364
17529
21645
57386
30238
49268
50042
55192
40564
34083
30435
27613
5354
35740
53908
60756
65028
26836
9621
27423
48106
11717
5930
23496
32406
35174
41138
44186
47149
595
2631
31160
54175
30541
2233
33743
9974
1904
41600
33551
22942
34006
35
44664
4852
46567
5331
41747
50918
61422
59688
29475
10682
22217
16650
36917
15620
41289
53635
14955
61956
14286
41937
46320
33829
43565
4003
55006
6916
15474
23588
58531
56818
48190
50573
62989
32339
22897
19785
9578
4481
13430
8740
30574
21777
37262
18889
52409
5296
47064
63803
33098
19974
18602
30984
11422
5493
45579
28017
48343
52759
29513
15219
62575
43584
21609
54853
24682
59180
50440
14389
15338
28963
46371
59833
18826
29185
1802
64485
59748
41795
48357
2536
22983
38807
26326
35952
54623
55496
60449
19400
54144
1540
63890
59920
60873
5693
6851
52754
8018
39469
42328
52140
1284
65343
25381
60521
28146
49118
39401
16943
20776
515
61399
62095
38471
48432
36242
19452
54889
22626
58489
19157
24368
32562
15458
60228
61793
25283
52060
34480
61046
2623
22819
34471
47616
31560
35371
37960
64997
48435
24015
38234
21439
20373
51245
27020
56522
8980
27298
43675
44420
60073
64621
32872
31796
19747
41321
5305
11816
39031
26356
51858
6354
56269
44115
14385
16853
5980
36876
33325
19891
55620
25366
26558
37614
28519
13716
28805
54382
37037
63616
7355
251
60983
30156
43644
47552
46322
31551
64048
40717
31759
63448
37700
56424
24211
40496
46277
21881
17519
12507
2484
43397
35204
43229
43106
17288
58310
13920
26270
1984
10780
4486
41444
11691
44045
31584
58073
2347
5743
20528
6871
7683
41159
17671
51860
53204
20262
14716
48224
14265
144
49720
24230
9609
60818
11353
18831
31779
57659
13722
38167
19756
47561
6897
56291
27197
17965
10316
36818
14115
54508
48172
31047
17567
20939
1306
61760
64739
31718
35934
24889
21385
49131
48995
5861
35531
14785
35000
29966
50776
3377
57871
19122
35370
19806
52797
6506
64920
37810
24019
20769
32755
6571
53321
42524
45749
29616
48686
7973
52354
3094
54888
23756
52441
38309
48541
51067
26658
38579
24776
59863
43617
19188
18433
8254
24979
56204
47051
19027
45119
37403
20448
64532
53227
20336
8582
47246
25875
52005
10907
1519
33278
42695
4516
33435
49176
27732
35409
43862
37631
21215
48742
21067
18956
33286
20936
2343
28884
61436
2119
33315
61429
36048
18026
44047
4306
57054
4827
35940
10272
56301
1763
17065
14625
54538
9144
4501
36806
37675
48657
25219
11053
57069
28660
36847
60503
2045
7445
32297
63995
59903
38420
36733
37586
35019
37743
20583
51618
8553
30432
52201
61961
63400
5241
64671
60578
18487
9709
45467
29071
35628
49289
4671
9896
61152
41721
19987
22885
51135
13388
43269
28275
42858
28507
36881
26202
13445
35264
53687
12797
33830
56433
6912
28217
37843
55485
26817
48159
27005
48423
12448
30220
25938
40901
28858
42428
65088
104
16218
30323
3930
24514
41508
28543
60303
47278
24466
4775
25214
19489
19795
29730
42653
13015
12277
35631
38178
31161
31658
2694
61487
16609
36419
22094
57955
3314
39555
23533
15410
29351
15576
2612
27783
55504
44758
33504
817
60964
35356
12185
24029
43966
14304
34377
39811
61947
6052
1501
20459
20757
8439
55153
21447
51366
45944
48317
15814
6355
45735
59432
8538
19521
25843
20384
3516
1158
32830
17543
33313
52248
22943
25667
62298
33780
39875
45255
56266
16422
30563
54890
64709
23633
20949
49821
10775
24485
50968
23132
23069
31379
21474
26805
26074
43223
7137
30633
28797
48171
46283
23862
38762
6307
57951
5019
20554
11052
59266
34443
20674
64600
38414
25250
35263
30630
57291
58290
50357
48317
1830
64711
24219
24259
35177
1006
62230
64459
42378
989
28385
26754
17082
50930
27985
27483
43685
23279
57289
17322
18559
4311
12389
13685
10251
32935
49106
65500
11144
54692
63283
59871
42481
30152
45161
59311
52870
33216
61582
14397
10542
4191
16208
52097
24103
13014
5933
60033
56109
20357
4429
38395
29215
6301
44683
54939
25463
58530
9838
31121
23902
28345
35043
64313
39382
14994
41120
61043
13797
13647
46238
18009
24477
63813
62378
30963
60842
41356
10562
34619
26348
52823
10651
43902
51337
30687
34770
13540
26209
40823
25437
48594
10510
15989
26137
14252
31657
42593
41152
36877
37609
40681
7404
51883
32131
40358
28618
42348
44977
35159
44109
12745
10026
61730
37444
4374
21330
36495
10165
9686
38402
63597
32535
35026
13063
20680
10329
46357
54838
49561
37087
31153
51972
49876
42906
59596
19542
34335
51592
2748
36764
18824
16487
29629
58970
51497
27267
11543
60743
45276
50716
53367
58300
51722
3378
28967
46825
16881
23261
42661
41941
4361
32596
41684
34096
60700
39005
5404
10224
14342
61932
12774
37863
40552
60552
57824
34537
14200
54809
16029
42311
39947
49888
5678
62552
58810
60353
10979
38129
51643
47749
13090
55482
39471
39042
23849
42850
24314
11635
38680
56120
57100
12531
3481
777
16452
30520
33415
14891
23427
36610
35830
53401
493
41068
63021
42104
16836
53636
53554
44993
21190
17078
47820
33320
50727
42412
2974
54087
38083
10158
36583
52040
55812
57178
16758
64014
6935
29981
34339
54912
29134
39921
27530
18711
61062
46431
41330
47847
43130
30158
9199
54900
21197
60918
17901
7443
39690
33951
51315
58305
59421
40075
60986
56658
64558
9905
64145
13121
35292
42630
25711
17200
55869
33517
7962
57600
17720
57449
2914
28447
20414
54872
5657
40336
57025
43566
58225
42371
18447
15398
38434
32600
37662
14696
49540
47190
61141
23110
49600
48313
20637
52427
343
34405
23734
13925
40099
1931
27533
62601
999
21859
22667
31604
6562
13015
43055
12077
36926
51541
32487
63593
14708
7357
6402
52933
44679
8787
32644
6081
4747
3319
20087
39011
50597
44189
9095
55778
23147
4057
33810
12225
18481
24886
52412
39400
8829
62371
49636
47302
58134
19648
5180
18335
54093
44408
39166
39167
55460
24818
47481
953
58900
385
23406
46635
35901
21868
14987
17716
6283
4230
43451
8364
1014
35071
47108
36946
26839
38682
20721
6203
5633
46659
18225
33476
65273
32600
63819
8422
49610
51161
52037
40310
47171
6667
21143
52260
25926
28270
23296
46491
955
54982
65410
43621
45778
50691
59393
61295
26685
54178
4422
60605
47838
2698
43273
29973
6649
53996
913
40689
47391
36749
42169
44860
35782
6217
10705
60653
20202
11175
64658
34301
46135
7821
39846
54628
31987
62069
27149
11835
8211
41593
57245
52725
61320
33635
23730
38520
24829
9065
1504
27057
64883
52733
24198
29763
41910
63929
64120
2252
29252
12464
57249
60655
10836
8795
37579
20705
21229
51200
24914
56114
63258
59416
16577
18715
30155
18157
52269
28600
34142
48000
1567
34389
7500
5419
60529
19289
27234
24777
6207
17759
15950
1405
13555
11915
55406
4788
16708
37521
45048
22057
4304
19498
5866
29971
62729
5778
41521
15804
33999
44144
31640
35893
41883
28236
37742
25807
30596
27746
22076
11738
55755
48648
48271
6857
37510
7858
34429
59773
62215
33279
42514
15615
27030
34488
17404
9379
19616
29871
16789
36795
42296
5403
30850
42362
10334
23981
42044
3029
22531
21034
20708
5779
37783
40316
53568
67
65439
12380
42329
2711
45092
11723
25219
39483
23994
14163
34152
61583
35387
774
31985
36140
16658
58599
60531
8026
60649
5793
50464
65166
47771
7418
26098
31599
52532
12338
41165
966
17936
46507
59230
48332
26891
56930
5091
64164
8347
33337
32010
13220
31101
16384
40967
5752
43274
8773
1889
6312
36626
8432
28823
51820
14354
64237
53339
49890
55742
57409
36313
42645
16120
49988
23071
25737
60002
722
50601
20318
32177
17616
32224
11316
48496
29382
11101
59630
33459
52061
58979
2781
34861
63065
4210
56375
30139
61325
58996
9583
64223
21222
26142
713
26266
35833
27225
23361
51122
50314
44230
38845
47230
34460
56346
30602
17933
35869
12228
27525
19547
5234
18545
64267
46
25593
52
22259
15864
29144
55390
62453
21488
44606
44514
26256
29160
53827
58483
16023
53482
18292
53421
27087
31572
49062
12472
19635
36635
22030
32478
8103
12329
27172
1760
41026
50467
56243
52874
18385
48845
43451
49232
43344
4531
14904
5459
18
25328
33393
2106
33925
19235
52332
57670
65065
14011
48109
52439
10672
24537
14754
38313
7306
22306
40583
28943
45971
41355
38765
35166
59763
55037
12358
30384
9437
61549
36976
30240
58154
26680
3501
25779
47543
24858
21835
13000
16348
1438
46498
35611
30156
44914
16240
29181
3565
40992
2927
3715
10537
14072
61210
48047
23277
56023
56040
58500
2135
59638
12885
26971
39116
4993
55482
25254
22684
58960
17618
38769
23581
30189
34417
45342
20789
6546
32829
26397
62859
14143
3628
41387
46282
65123
48695
51138
29593
56106
52515
22180
8486
13731
37317
56511
55509
50363
12248
5789
23107
48620
59637
63725
861
11961
41500
22889
6635
17532
22040
9472
4802
23432
13807
21332
46002
9959
44793
55123
345
31187
23981
10182
23977
64479
46453
41143
27655
48471
49540
22659
32405
31838
8074
46325
16747
22432
925
51904
64036
53529
45672
30271
43774
1641
31230
42386
27821
12941
49510
34424
47306
7537
37833
50987
45803
22481
52707
51815
62441
43990
26066
55356
31853
60437
45713
49638
16115
41003
8692
46987
5166
48424
13333
23155
60101
12752
60949
51125
6615
49522
14330
29514
47339
29749
45060
40838
18102
15241
46425
57870
21263
5391
47936
25867
16645
36634
60218
36782
46695
63049
44218
27015
64543
36371
48047
29855
61879
47901
56799
55476
48814
21513
16622
60561
950
13748
4639
11950
62516
47168
1985
3786
43797
57165
22840
34942
43988
56605
56019
21497
10443
14186
17809
35404
27766
45038
29108
37083
19559
4806
7219
24554
42762
42495
18304
46636
25840
39198
62382
22622
20832
44556
310
38115
64912
61411
33349
49481
50224
48631
64961
23720
41453
10379
22845
3023
13683
57135
35083
20794
14373
30962
5711
17774
27285
704
7666
7444
51114
45058
42259
56968
26198
35126
5511
56018
35084
18878
61753
43749
11719
36591
60210
33790
15920
46574
39922
20571
54755
32873
39071
34862
33454
20643
29060
63432
29098
36361
28363
16915
51368
60621
25093
21930
37305
13692
51151
51779
54676
56816
21914
15272
39558
28664
43430
25523
27020
43966
21198
19945
55771
23944
15296
33192
1158
25069
45763
10249
33947
26021
56093
34287
25282
20454
36142
8970
38967
51360
10539
7909
55913
8639
20441
38400
47163
48979
44435
57067
33515
41088
54353
42198
16128
7032
262
20775
19990
55656
4108
50777
6356
57985
30747
6859
33384
43934
25826
28019
44429
35297
20303
47403
54222
48183
59236
58499
3177
19988
64547
50265
7213
28592
7089
37410
50066
8612
43768
53294
44210
44437
29612
5435
58538
48587
47303
38296
29947
25228
34285
38969
49082
31965
58181
17314
14343
4889
20014
11406
61848
26118
41693
37813
31535
20157
7107
22797
14053
24703
40954
51819
27966
34459
51288
63382
15529
23362
42267
48290
42374
46682
63252
52787
36490
8070
17676
27148
25091
54078
7728
56335
44767
17165
65234
21516
54830
20904
908
60985
43715
905
8678
51763
7108
49055
38029
40924
22654
57084
47562
59926
51153
58612
8921
14583
45316
4488
8920
12436
64663
11393
11160
3032
27278
952
56785
31968
454
57741
47555
8199
39527
33238
19907
28464
47436
32825
24161
19404
35195
41469
25209
34575
37975
50184
3272
22442
33681
57576
38365
14976
5315
21091
64968
35309
47987
44686
45681
41971
46028
57237
37918
28196
24156
3261
21509
11327
15281
17393
47288
52269
46190
58439
36897
65141
6255
23064
47357
5073
50856
13495
44410
39200
55511
29261
64378
11003
9224
61595
16528
10032
1560
24207
29600
35550
9087
63330
33159
64067
46262
58828
44842
50316
16863
48522
48051
43406
44326
30099
8967
283
25463
23476
27777
49987
36044
38947
18249
8009
27988
50006
38229
64290
18840
24331
23596
14050
45415
47892
4771
7865
54683
62024
46548
40090
10878
24004
15006
9630
24162
21498
15093
35102
61004
27915
65148
39394
38760
50383
59461
42634
61743
58254
29123
42866
51636
15103
21191
64576
56565
64859
3717
55434
32754
7886
47587
29475
19682
45846
39553
27576
14938
65056
36390
18801
23068
7994
18824
31919
49997
2318
62816
32335
63378
64400
26648
23922
25932
17901
25680
44606
30099
13071
36697
36450
43440
32563
11682
10353
23738
46508
54466
58611
26272
3120
20700
56956
51187
26861
3126
38303
47384
25954
10486
4508
3227
11371
44082
9541
31438
52943
45391
42791
60806
36672
46794
41347
6648
50900
2132
22530
53451
11285
52380
58951
38706
15308
56845
42484
58282
29644
39521
16729
11169
121
60438
63501
42447
49055
54252
45845
43138
24832
48923
64388
59618
60796
21943
33825
50480
20139
28986
21564
47298
61029
19265
39639
34374
49004
45914
26648
2994
1213
30031
56774
44863
2638
14913
10500
23120
52322
47916
18498
43162
23493
1347
48177
2914
21998
29653
60119
24278
56783
65489
4169
32331
44949
56887
57154
6716
65495
36547
6013
50331
53646
51246
14856
24353
16027
48522
29127
40530
3356
39600
47971
59570
31785
62332
36651
64999
56912
23816
22867
23193
33991
56861
58698
1864
58263
43737
44083
62669
44782
55608
8043
18545
19236
13028
33514
7872
51326
5528
26550
31680
60175
15228
22980
34800
46361
22707
30049
54763
37714
56978
40141
60549
42967
3039
14432
42072
28581
62667
60295
21757
58395
20016
41884
15446
47347
63984
41368
1296
53944
59158
41433
50720
58226
2424
20326
40035
27788
29497
36188
11705
29814
52952
26876
3887
54041
28839
11466
15474
21571
48402
11956
26763
40258
42628
17796
38729
8709
65164
27106
14297
31103
41778
18297
35568
53203
31994
54017
28389
34190
4026
11070
26750
42486
43743
37381
16795
13096
12565
59571
20209
59049
9349
1302
8251
24337
25095
33893
50623
15689
31839
17932
5870
29742
60511
18065
65219
40730
27919
59112
18075
57603
29864
9511
64285
38242
8481
29990
62509
32486
47039
35011
30602
52832
27475
60755
43498
20685
10330
29900
51425
62645
33485
17720
50418
52790
27474
63380
47698
10859
9173
57276
3627
49201
51851
59961
31955
47399
23709
28032
29854
28417
44697
43679
31094
23031
28846
55922
65203
40484
58494
16115
37169
32606
734
61805
29213
63646
44093
58069
7857
18171
19448
36161
60241
40594
12860
54716
7862
39547
34909
1125
60890
22245
25378
24445
51295
38487
65353
11745
21990
59030
32888
45555
18900
46540
18396
43072
19620
54701
32247
51453
49029
23642
34131
44877
18371
14383
62440
33883
14284
12406
24928
20526
7771
42645
55014
58674
37690
33609
30386
46580
29545
53449
53474
26017
59360
55787
56820
9784
41215
34765
20133
43370
57486
23344
56708
63398
33065
34493
21770
14941
60528
61445
9584
32059
15783
3443
45622
12645
3773
21412
55722
62033
12813
48487
2298
5293
19015
53046
8907
18359
48289
64276
22894
57815
58282
47715
43095
34506
49027
35917
27211
50344
51261
5988
39643
10655
41085
25058
1814
43931
23620
370
13386
17643
28565
29519
23506
52216
50366
42056
53190
23488
6273
63716
7233
54573
16184
49758
60537
56766
60037
40052
55202
35156
30811
26260
29254
15709
31871
26114
31300
16574
11158
23629
54218
13033
46160
13582
29985
7256
1874
35941
10385
23700
40789
48375
54421
30285
34342
15543
40685
38443
64638
44655
19588
13725
36261
41678
23827
19044
4594
28610
60552
48495
15016
65346
32937
35758
17430
15224
64775
49223
53152
16995
62247
21309
37964
25430
29671
45224
709
31162
55744
17621
13915
46499
36456
19191
60605
51232
14210
61147
19577
55436
1519
59079
61448
36136
56858
17698
35249
18934
9611
60617
29754
50917
57454
55375
61210
47892
51766
44432
28481
12170
27190
28523
399
15592
23131
63288
64434
44114
34955
23087
59255
56350
38600
53911
64329
21955
2826
47746
43931
38285
20425
56160
1973
20099
7220
15418
20050
25347
54496
41664
58833
27242
62959
32019
50542
56530
34273
61287
45324
44819
58264
16370
45126
5205
5895
26111
50936
36045
14421
44238
20133
24470
34407
19907
30591
61764
7911
1167
30559
11704
40724
27667
48125
16290
48468
43263
60977
17123
7810
6389
18873
44267
12270
16123
50994
57162
7604
50961
4959
11458
55955
19983
59821
47182
53124
17386
53622
29667
21527
62629
17877
31926
61319
29858
22873
23304
46033
40120
26398
6026
24355
6073
361
27515
49259
42637
25350
40904
20179
49800
47606
43438
51356
35267
9683
32073
3386
61983
38170
33397
17190
12810
6272
21419
61273
19998
59495
22899
6126
22295
9771
51491
32430
52562
31461
24117
27643
2370
58392
45569
22966
38617
48915
36135
1385
43207
47884
45419
37111
57243
6430
19285
35288
30484
65016
14499
53257
12938
4001
62159
18967
39734
65216
42356
21895
16850
610
15007
44332
17369
46711
51726
45858
47714
63182
37670
41220
22136
62901
5986
38619
8498
24416
26382
5266
2224
2357
57580
59300
18115
39598
29719
60644
9715
21403
3079
32930
45910
43616
28496
27275
42005
56762
25632
62186
6902
6314
29136
62785
42384
26115
2963
52934
44753
28104
17786
44514
10734
20293
50250
48652
64543
37453
8999
47885
4356
18032
4162
19725
33866
32288
64357
7419
63197
24751
62820
50467
45030
5360
56916
11321
45528
34495
19651
26961
35443
60244
26870
8357
15558
42168
61393
58687
52083
43377
32971
23835
55919
47614
30649
20139
56403
5709
60943
48170
2839
34165
52072
37738
16680
18756
9133
22586
45964
63368
46988
8124
55290
30729
56890
10991
4689
45105
27715
50669
64582
13071
2500
9205
56010
19750
3324
1999
11294
10592
12942
46455
21854
20570
47246
10077
41335
60191
27411
23529
51415
29150
11690
27741
40673
54535
25549
6551
48039
61492
64362
32440
61511
29907
62586
2449
40650
55492
3862
18721
65223
32269
14660
22935
29189
37366
36989
40679
20465
20283
63741
4179
20523
60781
30206
3743
54535
16900
28926
45520
59570
46812
33902
7346
34957
18647
55877
47793
36099
28053
9112
3328
33802
18682
33065
20213
5179
36137
21846
12999
4584
8270
64305
22320
31159
6218
1970
44339
36380
43424
43685
64448
58692
37542
21809
53764
40382
53603
33030
29437
47551
29835
3003
18471
43666
44989
43972
2934
6509
54678
16814
49701
15320
5371
60686
5903
17959
11723
5889
37163
28997
39118
20188
9930
20925
23410
57822
46041
63281
34807
55309
5249
45576
62426
48423
51986
20377
40813
25203
41537
44601
14034
58253
5079
19372
44944
27752
64903
1208
32581
12036
21324
20949
1176
28134
56836
24232
19993
55770
42978
5102
62281
25662
60710
58533
35077
16786
23361
14027
53996
57548
6736
39727
16627
65186
12150
46727
12590
12262
62791
23107
6258
21877
12319
29058
2824
23706
4803
57303
9777
30351
40415
39292
34936
60059
24789
15280
27372
52819
42559
31635
24649
23735
53959
45769
13560
38044
12323
26162
53721
12230
63329
58395
18385
14663
39348
57902
12416
14062
65208
35098
28319
8289
1742
35702
14527
16811
28251
44288
16203
5890
2223
29977
38299
46035
33614
22196
16906
54867
18508
52548
1964
3058
35465
60117
53603
61089
46046
15602
44698
16965
55886
8809
57063
11495
58609
41273
23780
2934
38804
3118
47736
59921
9848
47373
23595
41482
31824
37219
43641
42685
44123
15414
54526
55296
11894
50713
48763
52847
24872
31497
60948
60250
2699
11476
42368
61265
3838
24811
2480
7871
33354
7345
7030
50907
3091
42258
27204
3878
31937
26859
3330
51688
19485
39922
59987
58076
16906
17316
17956
44359
8498
48296
37604
47183
3821
8230
5197
29134
51024
26679
23512
53197
58366
38975
9544
39758
47329
62383
22827
10167
26350
9593
20336
32156
43178
48143
44267
45923
51990
3271
37167
32737
3352
57051
44250
7869
17299
45232
60097
7531
35436
19313
37744
55733
10717
9875
57487
11590
55466
44368
6761
31295
36582
64884
58350
31282
18460
24675
47417
47739
57139
27444
22669
10782
740
37339
36247
51926
19731
53422
27054
6469
25544
31622
56634
60228
64389
40047
180
62899
50199
4838
9190
712
60159
58762
61751
14473
3020
25683
37498
2564
58905
31806
40435
33998
28270
10734
12848
29418
13000
49390
17974
33250
61955
31248
22138
14271
26429
35891
7822
33791
13329
59495
42144
39077
34636
16230
49744
16434
53437
47368
26136
27112
29625
54506
33979
44388
42710
24287
50311
50547
14791
9359
63195
23326
10235
12947
30261
26382
43430
33205
12724
40898
14321
52585
65274
37665
20954
60063
39222
13698
48378
55975
40434
44028
30047
53064
17497
2201
34194
45414
54902
28366
43463
56805
47805
39719
56040
3680
62051
30692
263
57267
3117
4089
24736
58460
47660
23400
39739
41244
51824
321
28870
36026
21886
55727
30340
63913
7785
18078
23828
36347
60336
36298
48286
3540
58447
57317
37510
21895
37953
33528
49857
31806
12747
63550
59630
3289
6786
52823
31880
40137
30781
12280
64952
50228
9519
54847
16680
16560
53252
30875
50191
32229
56496
27683
43407
22506
45782
45765
30013
34206
64711
612
42961
44764
3500
48218
1100
35543
8514
57621
8341
35849
46139
64610
39167
24841
37574
32607
49644
64282
27280
56593
40442
4666
28091
15597
9308
23316
19391
29728
32445
16238
16956
6607
476
24980
2023
50204
32895
17378
52453
47400
11025
24613
54707
61501
7431
21974
11306
11091
6721
40691
10554
50912
1849
42593
5031
24918
31455
37039
46424
18233
60787
3707
59423
44325
28103
20097
64489
49341
2430
45739
6059
51371
34062
2309
25946
40669
41120
28769
46922
54139
58389
46809
9670
15414
27820
41940
1815
2896
39360
28058
34489
1810
24103
3660
35213
9199
50226
5872
27591
51433
49804
58746
25449
7185
10071
48287
7922
50970
5744
14226
13411
1409
61242
20758
24927
64448
38851
8380
26889
26888
35249
52805
39846
29777
12997
42951
61789
55774
50735
41487
56784
53472
13920
22865
55229
35459
47612
3194
57750
32591
10191
64820
43592
22627
48003
51317
49107
28979
18466
57472
38945
53807
53707
5645
6967
12467
43500
28928
54264
49935
42498
18252
54593
5921
8306
39350
57959
53374
47660
43570
11843
7613
24671
40214
51637
33253
21727
57828
37320
53317
6553
47425
12105
50577
46342
51452
41354
16785
57949
20608
18740
20531
155
35146
42043
18263
46042
21806
21403
51498
5397
61761
48858
57059
49481
18105
63033
47003
61833
50816
52993
56960
65317
7822
56466
35695
57261
51523
16973
48488
64115
61846
13209
50018
2136
58446
9189
25039
20329
20669
20941
7205
38024
62865
52613
36486
45052
56529
40390
7240
36593
50520
57902
24984
45747
20235
36717
14702
36315
42140
42152
49498
64728
24949
33049
23774
12383
13957
27775
31437
49183
21500
38229
55616
58188
24245
57556
59945
1010
52495
13420
10939
10064
56312
17052
56407
46914
18657
41458
53803
2735
14708
21098
40523
27773
8383
24451
46955
6907
46814
56913
53402
15708
26211
47921
30158
50703
39237
60949
27348
23049
47358
11654
12779
8227
19935
30865
18382
51978
58409
41146
51625
55759
24028
48292
14059
25385
49281
65470
16141
11556
49230
23212
19738
49669
62613
1590
44841
46510
49185
53497
65417
27029
213
5704
8852
40982
4066
62980
60410
10922
1923
40148
28999
55130
58035
64349
60728
27807
29488
30151
21840
4595
56520
49989
19151
60794
25261
24493
33917
1516
1472
24141
23514
55547
940
28105
23353
12055
21616
19396
62211
7873
45985
48432
6954
32446
30239
63257
35479
10962
31649
18155
65506
6285
35967
40013
21223
36360
48174
59270
22653
12214
6750
28152
30815
32930
41696
54511
59992
58768
32511
51780
42875
19115
30862
2856
5353
34695
27908
256
58632
22213
29383
35701
51627
51651
46391
36734
28638
10631
44200
12013
3822
45887
26380
42235
36810
2938
63690
30757
19517
44708
19410
42536
23996
59083
6603
14344
63457
53111
20216
65432
40045
21659
47252
7272
57714
47552
60652
3149
21149
63103
6566
29341
8110
35373
34870
30260
38041
37547
3504
49160
28128
26162
917
26194
24627
60373
27905
4485
21101
38812
7948
50792
33257
63799
899
32854
31861
43018
57498
34354
26188
17214
63283
60748
11142
20691
9568
60770
57233
52626
13009
62031
49341
30432
24212
4828
9875
26926
61089
59788
7052
35514
5943
47125
22091
24225
27368
9582
61507
2300
20042
13306
6050
14738
17640
63849
7779
62669
26302
4181
39199
58988
31739
63344
3457
28858
35302
41186
5244
51803
1254
51865
18435
24408
57263
59193
5447
14249
19662
39502
19852
793
31522
40102
20751
51287
27838
61354
26939
1733
3334
40641
45057
32562
15312
54100
21422
15230
13659
18960
38829
62595
52754
22565
23455
48003
11381
35716
13207
21717
54433
52981
17817
25498
21161
33654
8399
56099
29744
22800
35089
20370
18230
62026
39701
17350
31668
7347
45632
11689
32111
54050
24345
18042
60941
54056
19772
5374
25360
55779
10722
19793
6189
18438
17379
58311
37782
1010
9955
21633
26492
29040
8380
28112
31067
6328
59290
33143
61702
9529
26767
19411
22267
42644
16977
5910
20721
13149
30862
20464
31136
46339
47679
53085
530
28599
36470
7776
36643
3300
64788
3960
2797
41015
32196
25130
15537
2429
22676
