60178
64500
50195
42339
56369
20731
65238
5722
45064
22588
28905
52139
59956
34570
2006
37742
63681
61606
29206
13721
15317
10230
8915
57220
3592
63132
25303
46862
41303
9071
25843
34007
57615
46313
20985
43371
54328
11348
23070
5231
62744
11343
64486
34762
38838
25239
59252
42879
32692
42343
28733
40019
2177
46309
41988
15420
9741
26360
43336
12573
30706
28647
47045
63432
21337
15116
52897
63307
24065
52380
44425
34551
43844
31657
9572
18474
1384
50056
22977
37962
20281
2515
54134
9545
36972
30181
60446
35959
65451
5383
64405
62684
16525
57491
56512
31342
52338
45235
38054
34644
63768
30642
10527
64169
3667
57891
60504
24275
17145
53784
24736
52388
57265
52495
42563
60951
20608
45340
11180
21345
27949
50267
26101
61886
62543
2284
26961
42994
24981
35301
35090
43321
7025
11113
54901
18558
18830
58685
63611
49890
63593
29937
30066
44701
4665
11472
38967
37878
10585
11206
21843
9468
2368
26778
16701
62291
64033
58336
29883
1284
15017
4
65277
55880
62932
44475
60059
56709
53224
9079
431
33700
11182
1750
5117
62890
42031
51928
43743
59201
23060
36363
10331
59056
39456
34571
21039
11376
11973
38257
43254
57908
5188
50896
14234
38032
16256
59079
39702
57708
55102
44198
37201
39611
54193
18513
35673
39189
61014
28099
8311
19828
41068
5199
63770
25919
53312
2605
52303
2442
46740
30620
2207
35180
65373
20674
25367
2552
18098
7307
63936
56524
51751
37635
35789
49160
40156
2649
58077
56071
44943
62675
49778
50201
715
3052
52930
50710
61402
59755
62530
60672
37172
19174
56122
2184
27703
51995
50402
46628
18424
28347
58583
33385
31492
31875
27119
62489
10482
29207
38748
47487
34914
24637
36341
52148
33512
2849
3768
6394
39189
9366
55705
2330
8842
47981
34224
29104
9151
33623
42735
41739
10735
6615
46904
1149
42736
59581
52308
59354
29430
31182
5875
28973
36602
55995
18188
5887
90
5167
4811
33713
63130
11908
13327
60775
59596
2504
8749
60703
25663
49774
54544
39594
52224
63848
11883
24612
14382
12900
25126
60832
43174
45265
13238
23584
8558
57777
55183
61715
57621
11787
16696
61579
65103
8168
55649
21833
42280
45763
45543
158
52928
39452
60191
20673
24690
63468
57331
29772
4495
5130
13977
26648
54774
13917
22796
698
35601
9314
4187
1697
27163
4966
19139
57664
47110
760
15347
19988
24490
6368
2771
26968
58991
53472
31876
51616
38185
30074
26697
17124
65072
59461
18074
17096
1869
64972
4936
10235
26589
36076
47854
35364
10949
2630
63428
28297
33695
11944
11219
40003
60989
22390
33470
33606
8300
36564
52018
18912
56945
17883
6834
7990
32299
16064
44563
51123
44924
54436
16274
6928
2624
674
53802
726
34739
49645
13901
7245
35778
4730
60250
56779
51047
49215
10589
37760
22376
64003
28371
35710
16013
61900
9039
47830
12349
16908
43274
31039
5577
56556
26121
11599
11319
65029
42955
64493
49896
55107
57715
46883
12700
49809
34287
28178
39919
11591
38560
48985
29711
7533
43787
46140
52315
42133
6210
47010
49576
37684
56594
530
44557
6694
25150
20703
52481
17932
10788
33235
7331
16699
52266
48181
23629
63414
51536
49305
13421
34002
56460
28385
43670
56156
56770
34309
58647
13689
2806
25366
45970
24942
53953
24892
8683
63537
27446
8832
32607
63203
25196
21051
49339
34858
17332
54352
7425
26180
55601
59973
35553
27323
46840
1683
13257
9441
56855
23498
52511
57400
1203
59031
37905
55593
8851
46970
57616
11399
24280
43852
12296
51856
34389
61764
915
44619
4595
49588
45369
43202
28423
6706
39909
23907
52729
168
18573
13374
13814
55963
28020
42112
10157
3856
1516
45174
43082
63372
36300
25529
1147
19378
7047
33773
3554
42656
50744
47676
38111
11702
36562
6095
45006
18444
57619
24718
1411
25742
1811
16585
25714
23214
39964
24660
13469
10780
29093
16735
29592
18129
57992
53264
56134
52031
15099
32935
1771
37725
36311
42724
29977
41973
14570
15476
45277
365
49589
30754
4080
30262
37478
3353
8326
11227
57800
62262
54461
61785
4875
21724
45069
38529
23921
11081
8693
51794
53567
22977
25408
51897
10433
39998
43403
35737
65139
35337
49566
26353
33032
47668
12319
9513
64131
10349
52735
30048
35442
56601
31197
15179
41555
53773
1075
35046
35262
30407
50002
49615
57852
37654
59341
37409
9809
7821
33165
27510
4011
65324
27200
26002
52331
61233
62521
22544
49832
52738
47688
23949
5032
48215
28702
13096
42060
54400
40114
32411
44747
59929
49150
1579
31237
39788
50491
17767
38641
50861
5922
38680
6987
36562
29059
33398
50440
57074
33394
4041
42249
50993
58691
20566
59413
53063
10931
38858
51018
1762
10260
52637
63377
45694
37567
60391
3089
25864
44886
56165
14652
51416
52840
47761
61105
61445
41038
51243
25520
22563
22706
4890
39307
15618
61537
11446
26888
3237
53453
37610
24494
12115
31412
50928
41968
47443
44154
60767
4284
33428
51317
44416
46283
59759
60979
31387
7497
17484
63447
12132
59701
26113
34217
24861
17269
47070
60306
31057
26180
40158
23971
29033
11355
22961
3118
59953
28871
57414
42703
21936
39629
51150
62396
50431
50679
57856
25084
47581
23727
11755
54278
20692
9123
39583
37742
10646
39836
62991
54301
28467
48465
63114
31111
55291
41821
57997
25320
65317
48860
21680
47816
43108
29419
50294
56005
2352
64147
12123
21868
12991
61574
57920
46059
30500
64758
29880
17591
44981
19449
54120
48668
16214
13244
50697
19950
10667
34148
64099
14599
14997
65339
58074
30321
11312
46231
29642
25012
20202
49897
4529
65126
9394
29322
19062
39287
35981
42151
35406
49494
35080
50852
14205
49248
53398
14868
33628
12263
2482
60820
29598
65511
19654
20414
53398
63190
25734
47003
27961
6452
51818
27469
10600
64936
60235
52408
18754
15269
40046
54775
62128
41715
46315
53873
55055
29437
28908
51006
31361
26956
22205
54113
29991
28923
21835
3592
13770
21080
60995
49524
30233
65447
23428
20957
1136
29036
32835
41510
39911
13601
35495
61229
37908
38069
33113
4051
64888
63040
38609
1506
63480
37054
9614
60699
37903
61342
54903
23503
50086
25142
56974
36019
53301
40772
47032
38754
5707
55341
14036
34328
25065
43715
9773
64778
16002
9484
30808
19214
18682
25666
31030
24630
46724
54013
26626
9776
8477
40287
2994
42269
14808
45534
7672
39657
660
65277
37122
39949
30050
25837
65335
24004
6103
46318
62483
63972
15232
46131
30809
55617
58912
35930
3629
35561
11892
2026
38960
30538
32464
50243
65318
11990
6031
21659
17754
35551
5187
43048
15833
21661
63765
64953
61432
17190
12825
49703
47934
42842
3375
20088
21837
12667
22375
47622
23292
27180
14657
17228
38315
6378
9336
38325
49760
30909
47070
30814
9271
50793
49912
28834
47458
18462
34583
61480
54591
11641
9499
1278
56404
22649
28047
6447
21041
60130
2557
15811
13374
31881
44829
43628
13080
43584
15821
39867
39964
35811
9182
39746
52761
34079
51679
2047
44776
47200
64821
35283
20312
19623
4016
62353
13344
64301
54423
13618
38966
64681
16140
38346
29216
46519
4397
56009
64050
26797
52288
40743
53528
9331
9856
3339
499
58883
63855
28199
56125
14657
55426
60170
63911
54761
58390
12947
55629
59934
26171
16885
47483
52175
37367
24569
63268
22163
51856
22973
39575
11922
51316
29521
20722
50837
21107
32816
5947
37009
23309
59008
33733
1568
14819
50488
51420
52816
12867
20702
62160
10351
31053
61270
59761
3260
51008
5088
16617
9
36685
57660
55985
39055
2675
59867
15182
16088
1371
51257
46529
16747
3006
27378
63188
6958
34554
53560
20306
47052
38784
10484
4751
29763
30422
46644
15648
42745
48464
54072
35934
57748
29782
32105
60085
41545
16341
5048
44774
13397
63331
31513
22003
59965
24728
24777
3964
59849
49774
1802
11944
55597
55141
11458
40373
9330
3086
51034
42573
26125
37663
26250
2313
63293
49539
38482
58422
17279
11283
49787
38604
12510
10208
29207
62661
14801
64735
36133
61151
50512
34409
9444
29929
29501
59855
6605
40369
42645
11831
41102
15639
724
36618
8596
15954
55895
37458
48518
41673
10350
42571
31357
10579
60660
48718
1127
63355
43169
16137
38630
61021
31386
64860
38731
9718
53754
63757
14163
30430
60427
6721
39823
7293
3025
32751
61569
34874
50267
9096
21079
64343
41912
51005
49111
52738
24617
7651
37774
32545
38088
54604
41791
61963
65341
40723
64567
13008
21903
334
46348
63249
8464
65215
55975
64148
20660
56859
29910
25991
4849
64547
12620
32332
30250
57525
63690
10252
34500
34558
2368
43367
59699
46526
2771
5705
57168
61955
583
2380
52563
3770
57493
36810
52495
32488
6130
2439
3497
21148
13728
21310
31008
34877
59608
8937
8779
52343
48232
26710
8173
59008
26759
57235
38581
50250
22014
15043
15362
39502
33892
30350
19389
38513
4028
35954
50092
55690
23869
64067
39577
50216
39013
30807
55532
52072
29990
62732
52847
42660
37899
64646
46446
35665
53541
16975
11362
3313
54338
27660
2264
28920
41039
41518
31174
23602
1879
18932
39490
35802
5177
16977
24481
12695
20761
18758
41627
16199
18177
58301
35458
56711
38963
38185
47985
43561
9852
3321
43976
32868
44904
27599
4169
4482
63785
34193
54451
19315
12498
39813
1961
768
41228
17113
27308
56698
46786
23887
64617
48705
25759
47506
14806
32915
40155
28514
38630
50281
48751
22324
4336
18740
63548
21388
32289
16901
63317
419
61512
36781
43117
990
20247
51012
16567
34436
43803
12210
18520
46205
14490
17091
39066
24899
5818
31779
3542
39550
8059
39687
64386
38244
6474
10496
1641
20892
12447
50267
33865
17496
46661
65290
42107
38547
62572
21307
26389
61892
12248
14074
5580
37678
9312
19907
31699
5491
23234
46405
18346
3125
10395
63318
13230
7783
43449
47593
60322
32343
62448
13093
18559
52141
33096
22112
31731
52327
64169
64545
33420
46428
39031
6381
7475
9672
16181
48477
32697
8500
13602
624
41898
14934
52803
50619
190
21112
37149
19275
29354
13693
18371
53380
28103
9853
59587
25397
46463
48256
8356
6328
53976
58780
61616
55110
21630
20764
20800
45995
5077
31752
35818
44676
17810
18730
8648
10000
53291
42633
1563
5610
34566
31133
62337
61711
8827
34625
60459
1937
32331
35054
53618
16655
45640
49742
63710
32567
7069
7373
1703
24508
27944
23298
32968
12712
8024
59543
51936
45006
35574
13372
40021
5298
33979
3642
41946
3954
48867
42860
28500
62778
550
45864
58314
19469
18012
10964
26508
9653
37057
15549
29082
28421
11816
53659
57256
25458
7301
42196
2485
6353
7087
26445
13081
1460
55179
58613
8077
57060
46964
32643
52193
58464
36581
17027
28509
29483
20806
28945
48435
18957
13772
2313
56773
58863
47646
38285
38267
16082
26254
65466
57505
8090
14864
10382
30289
6317
5318
42023
55376
18218
754
7938
10823
41558
10176
52778
579
11007
62098
10045
60781
53003
33493
26811
61538
54840
62920
15273
64999
46691
19713
47195
13433
40639
48509
10270
5047
14620
12867
24219
60245
2190
25169
15283
60062
52600
10562
27445
13485
36219
15216
23150
32264
50196
53784
38658
10178
36196
59897
35963
3785
61731
22843
52580
26919
34304
28757
24573
15211
47317
61486
65292
61737
8822
37606
7364
21198
19634
16936
13597
54910
24624
48460
35112
18989
10298
12741
57467
61018
33767
7950
65423
27194
20244
42550
17573
60401
43910
22391
41041
15029
3881
33059
10285
17904
17333
47977
61772
62497
5671
55667
54021
25249
57895
62865
47291
19156
7329
47101
46839
20152
56383
24278
52105
22307
65084
62122
19253
51141
58840
24372
23623
59475
20849
3586
34704
11946
9826
58387
1330
36940
60779
25005
14414
28600
17010
4560
15136
47022
5569
4729
24336
19771
20961
63757
19113
60674
23350
40487
20633
5759
58509
51979
62567
18506
28624
56981
46296
31658
52139
16750
19097
35340
25292
41223
9698
13910
3263
22415
5345
7248
39652
26106
42441
55909
62940
13794
55041
15777
59265
50259
37422
450
52727
65148
60336
48518
874
10333
19275
17437
27462
52706
34623
62597
41687
25721
36506
23808
48050
38726
29078
28716
48827
59121
4688
25444
6118
4744
42834
15370
3208
47200
55545
31108
44132
33546
25914
45045
15670
28632
59176
37211
44060
18705
48251
25688
14308
38763
12959
52803
13465
6562
53625
37536
7970
44900
12245
46724
55421
61071
27933
978
60632
4981
16889
40645
3681
54873
36561
21451
60040
57499
28419
28979
35554
2693
49592
19331
62394
14816
30352
10320
2207
23048
47039
63182
18346
30922
56117
22725
50577
35398
41812
3350
32457
30403
13372
29153
40058
61927
22405
25029
23725
61322
6087
59538
63031
60684
47691
36911
62645
2260
23383
64525
18110
3669
28639
8271
34084
44138
56586
3045
39377
5896
23531
36638
61661
51875
12295
4151
63982
31779
19481
61072
47344
31711
54170
51039
65347
12984
19927
3175
56143
2360
58206
4271
65516
23200
62819
19441
11706
24434
61475
30550
23572
4380
47436
34823
30972
15837
27728
30090
25507
59907
26700
19528
7148
49814
50058
37697
49737
20065
53907
352
5425
10003
60153
58755
42900
58257
42738
35649
29707
32217
34106
7034
35030
15155
38506
55739
45936
34367
10904
17892
6657
22416
42409
34057
11910
900
49361
42839
55004
64009
41879
32334
41290
65123
31318
13203
45523
14956
35229
50672
26064
45018
33401
41849
12144
36239
35145
30159
45283
64266
62719
37105
17609
45125
10958
4855
4285
32297
19363
2535
42750
31793
45364
1842
52925
48895
28632
64790
59103
58683
35373
544
15825
33040
26377
1365
30856
35727
23368
37615
11807
64790
44289
35526
34607
52153
62905
33350
62488
53231
54873
48123
64944
64644
20740
3744
7512
54134
2970
22226
17416
15715
31420
38117
57947
12515
25052
52014
30273
246
47791
11076
65466
35892
59178
36301
7934
52962
25688
57018
7719
34396
22697
42436
53042
18564
18879
57592
38119
18989
39137
35702
54961
6479
4205
33835
22319
29428
46144
65487
35029
45784
25225
56688
29208
63669
24930
19818
42561
15140
23992
17047
28418
35403
20901
5423
44957
7481
56774
52479
40368
32213
14770
29760
30340
20635
40337
60003
41200
12920
3966
45656
46514
32754
13
58561
58476
53110
19153
12174
43527
21075
58331
24986
59139
53267
15068
44324
15691
53409
62862
32125
3358
34214
52817
54027
30090
2480
42456
28857
1359
15456
47376
36509
4005
63783
64069
55592
47645
14674
32081
18131
29593
771
50735
61176
52930
58876
54349
1648
35659
11872
47930
31887
7793
44236
44039
5807
48004
38425
13830
46850
29600
8621
14273
49368
57291
45099
3413
60547
62700
35419
30909
18386
14940
13400
1848
9454
11731
7355
46305
49857
21901
58669
19576
65108
5837
8766
8655
63683
51564
38313
63055
51142
42134
36431
22966
31799
7039
41142
10892
20562
27486
14856
47435
44489
38896
40362
61765
13174
59204
37884
35316
32907
48196
13983
22346
40461
31667
7761
40050
5091
64420
2407
43649
53112
7965
6656
21992
13655
16665
44685
13262
61789
18055
56870
59840
10346
39985
8079
28902
40845
8847
59924
9378
31265
62367
31195
8929
41606
27396
7339
33669
13996
61755
28057
31719
780
21917
39192
41437
51157
59180
36249
62368
32920
21906
14885
54364
38267
4414
46345
46079
36898
54514
3510
24219
58057
21382
64695
49301
7361
61281
19587
47271
10573
29672
15883
6467
21666
26355
17987
31228
60833
58789
31312
46366
32519
5339
27516
21303
27697
28229
22599
30074
53030
21884
58984
39312
48865
45605
38668
36867
12434
29533
2810
54308
2092
64155
30629
33853
53274
49833
51486
44037
55625
23486
36167
61734
22226
28156
33538
10229
4216
10862
32988
29161
33693
24790
56205
52876
25033
56627
35123
55731
61620
37575
63612
28739
34502
29004
62393
546
24341
64578
20795
38570
12098
11044
2477
29777
20629
28515
10834
62821
49826
47210
17763
59707
55771
11688
51008
33502
56531
7020
24821
28963
35062
42323
32513
27468
30701
2425
19856
20111
24617
59172
2109
61991
24123
46452
26601
27105
18131
15533
19200
56863
39705
59239
52197
29912
9255
51168
466
14072
65051
1607
56686
34050
7591
37824
35464
15749
65454
63490
34851
63734
127
49069
33321
40679
59386
99
35101
63876
45791
51216
21478
21768
36896
35092
6900
64005
11485
56581
37864
16221
33098
14092
44642
18912
2282
29741
37208
57119
10618
53753
6899
61189
57443
33605
19102
48641
11090
47592
35356
54852
18365
16736
62627
50076
9170
28417
42097
2068
34757
7677
21462
31309
54639
15336
52374
59897
57300
13930
11681
57448
11078
50161
54104
37600
47996
55916
31436
50268
9372
23676
59095
13741
41315
4483
20625
37073
33083
44729
29016
64145
21772
18426
54818
21249
8661
17744
62967
6638
30476
14881
50959
28595
60713
41143
26203
14864
61657
4591
60954
64579
10443
22623
17323
26899
47951
39666
4042
52628
36840
16341
10680
49092
32227
37286
3646
42711
49158
9470
38914
24778
44843
46371
670
58355
62731
24091
54941
55163
42041
2317
14522
56082
47885
9303
60384
54743
20023
22784
23332
4460
46250
3134
55647
14975
23764
45740
17162
23435
56751
12813
65345
16363
4153
55146
32773
51746
5526
373
7861
33218
652
19998
13896
25944
870
2168
59486
60512
62572
3948
237
8994
62582
31758
28081
19958
45066
9290
35350
12336
38911
59090
30707
15464
3527
2993
44446
9978
61358
30538
17777
46538
32339
34741
11795
1047
15617
475
44046
4789
37390
34699
13918
54446
1016
16510
62258
4169
23709
36723
7875
57585
11913
32196
51692
57717
53176
41717
34459
290
43114
54150
20383
5509
46459
10360
295
24980
35569
38762
18161
13405
25566
52875
35268
45940
43870
3643
59502
60458
11547
45363
49992
9564
45148
38565
14064
25636
22917
28386
63514
49481
15286
10843
27259
18057
15941
52389
28849
40494
15163
3637
38198
24232
38856
50397
31507
35601
32790
52589
27840
52068
7532
377
62374
51254
63333
59510
3489
13703
55392
62104
49563
21725
18085
12868
21049
15012
58962
4589
49949
19047
40745
52226
27809
56460
16826
55568
13484
795
5249
39059
28081
26393
11353
64783
9017
55275
27019
47667
20551
24359
49562
47302
41633
42677
33035
60302
64566
8803
5698
24444
12880
10248
37555
42189
50928
7207
55922
32788
54543
47150
35885
64506
14176
43867
57186
29675
43250
28813
54288
19319
57570
12683
34420
61726
51462
58642
34128
35217
26318
61674
43828
65437
51853
19521
15714
49794
33845
34655
11221
10585
21257
36757
55132
30173
9106
62937
3026
34794
29322
59645
42894
49892
32573
57441
62690
23126
16318
25247
15512
37892
24635
8383
41460
23991
44433
27327
22449
47526
18724
14802
1067
60887
46002
3150
48673
44151
61347
1484
27039
23920
6770
63775
53161
44252
429
64325
19804
55264
28062
59501
7036
11747
6680
33702
65104
54879
35530
1976
30071
10537
65166
29593
2740
9116
65368
41772
40756
31632
17976
35584
60202
3418
21257
7486
886
56354
40768
46793
38626
48057
46047
20461
33554
57786
33422
32276
57809
63349
29270
485
12093
27998
30135
33918
9295
46458
2915
60249
6678
53772
41003
16613
36889
3135
8301
38681
63843
52750
43188
32381
55734
34696
55148
41158
22814
35647
38235
20282
60620
4263
45912
46634
39248
60989
18248
30706
47942
41462
53641
44553
46807
17122
916
14352
1671
20501
16451
12142
25667
59613
30616
12001
9241
18272
28765
6344
31223
57176
9616
64310
37835
7783
45102
39656
37272
21775
44338
45609
31483
44536
39157
45995
11481
16533
44832
47407
21865
29592
28372
624
4571
49414
48040
24747
19921
56111
60654
30186
625
42803
10061
34930
57093
32480
23393
31376
20770
40871
19922
62516
44611
15546
26782
50695
50064
45315
3139
2855
21373
61141
32263
48765
24824
34751
17328
46043
8584
5783
3261
17186
57928
640
54543
29688
4233
39347
44929
1173
24289
20079
35316
14524
31335
50292
55575
14938
11890
10926
37528
46112
8321
11067
9551
32270
38253
19777
15919
21399
56624
38781
50534
47628
2073
14984
32928
42608
39308
41828
41006
26264
31174
52287
4484
8164
20479
32660
46496
2902
5406
21644
8782
7376
60528
5501
43363
2198
24875
22937
33966
14367
57168
2339
4856
20596
59067
17852
49712
9546
7005
54747
4874
17054
16047
28298
26650
65290
45655
8204
34620
26695
16302
52908
18156
39276
17298
22129
46879
23967
62106
51968
60029
32745
34568
38374
14369
32278
18707
12928
58200
15381
19176
3279
33454
64775
52261
32132
18465
38068
25315
34663
52959
64946
17774
27805
10005
7637
20608
27779
64962
61351
28135
50063
42136
19081
4853
8496
39915
16315
32742
65278
29395
38908
28129
16476
31851
47930
12015
62993
54652
44061
62146
14520
1720
35337
8500
15361
42581
50905
45604
794
36182
54485
28146
60679
22353
57511
27805
18160
49515
3781
42310
19412
21151
8330
425
36651
52614
56110
22908
12371
43170
7647
49529
3932
25331
52224
3188
26754
20663
30028
61242
29839
3095
29055
62344
46996
52525
51601
6263
36189
48522
19874
12395
45543
37428
5583
5516
31412
55113
24652
55037
63316
16600
13619
5607
47983
8349
12438
3561
42236
24459
14604
52674
13228
57182
77
63807
28728
24264
25437
17465
56233
64323
41152
2172
21631
46232
59941
19217
33668
26319
41437
22613
2628
56259
25622
15317
226
30088
53737
52807
41000
27865
43081
35837
60036
7712
18207
52119
4293
2734
2051
25739
43163
4042
58214
39373
53509
48977
42606
46048
8747
63090
52357
23528
45605
5925
62513
49318
6110
11696
36183
30671
1498
13324
35233
59065
26516
28195
24837
28714
60011
34577
21514
49498
17574
63116
49173
27252
14791
36093
1326
16255
20865
63143
17952
61096
53709
2559
6110
18573
64828
37999
12278
62203
37400
54493
33321
37053
27733
3375
60244
53280
1615
27038
14619
25227
41608
40545
26347
42837
32731
53440
6346
9267
50042
11630
25290
33718
47772
40955
59842
16698
7095
33531
2652
52272
30832
52948
56102
54789
9087
46876
1179
6192
25146
25382
58760
9240
48458
23738
23688
22194
52635
18557
18915
13796
24975
59862
58670
20519
29883
8167
45965
59860
12089
40262
9508
16265
12311
44161
35884
6234
57588
17790
59022
16617
24039
16693
11187
55250
7120
25684
28833
9380
8495
45019
44695
14219
48557
59913
21447
19854
3752
38784
17977
54935
12011
28739
49462
32350
39047
24261
39175
38949
35657
25005
43139
36414
36650
16607
60528
27978
31414
12796
48063
48089
58394
63243
56798
65159
34175
28082
41470
6991
38840
62114
19138
63886
37649
40879
54402
32576
47673
50328
9414
63322
5173
10744
38559
44697
4781
7456
57009
51206
41190
7013
60189
3159
15700
18781
45308
37385
5525
40503
54124
16555
22274
52288
50432
62403
17812
56643
54860
38984
20781
62017
3243
15344
26742
34481
3719
1305
7986
37927
34987
50627
53348
27243
60073
26198
27831
39217
23719
11073
25127
50243
56172
14424
27871
25537
56586
46346
7690
7723
25398
61173
10309
57941
18483
10937
7001
40923
18417
22409
55841
63787
5048
41820
44833
28465
63624
44606
31986
46148
6744
15862
51877
48380
54801
44998
24140
2841
43006
45719
10256
48016
5776
55422
61855
26313
3725
32261
60884
20092
29013
854
9904
16275
19096
32686
26976
48481
7149
64929
27428
42081
63426
64093
4403
15051
30156
2698
41946
42292
17944
21082
51730
59951
16846
24111
44791
56902
51963
21744
15689
1480
54434
241
10899
18570
50956
29483
60558
297
18731
56040
40617
62475
38291
60624
33474
63114
39104
40072
288
30874
19167
43763
40361
7678
3170
55992
42847
11142
49943
37682
50346
60370
42227
38681
53526
4794
30543
2804
14428
63260
47849
34642
31858
44344
20354
23283
3571
45103
55451
26500
51407
53522
13974
57060
61865
23150
59036
20532
5503
30740
59648
25905
40064
24686
55085
54028
697
63346
4876
4527
23325
44522
59046
46123
23320
51180
2375
2554
8229
36311
17050
37129
10924
23704
35620
16554
46696
54691
17690
17986
42863
5465
2171
6860
12897
34988
21349
26605
1456
51816
56072
29246
11151
43831
57466
34548
60834
57748
57563
9711
64508
43005
36903
17310
6552
10901
1338
42924
25067
10472
58726
31678
45078
11971
23974
34748
8764
10724
19456
63881
23012
50604
19314
65168
14444
195
46011
20223
33857
20517
44291
16208
28877
16819
48485
1793
19589
47942
54435
49235
39106
2264
52126
59716
27055
3732
13311
23555
38269
50055
54840
60875
62844
48185
30672
27909
33708
7965
43991
29026
54463
2121
18516
48622
34679
47545
28831
34554
14408
5384
46161
43844
19238
17548
21976
1754
61801
44722
54674
9998
22986
35798
2770
9705
31784
52934
6107
12742
11794
33556
32220
17074
62849
45406
20603
19773
57076
24297
47187
34729
5044
3795
19325
53960
46369
19780
18239
51358
18626
1434
61058
55328
15931
58220
46428
61768
30037
4430
25611
7276
47932
8363
55281
38163
2196
35740
52099
48640
59458
13731
38241
22081
57496
11111
4009
65049
52969
8286
18420
56946
50992
36740
52538
48667
42197
28102
14882
20856
44234
23158
14216
43618
17159
15160
49632
16161
7628
1477
36261
9459
3478
62406
33633
62942
32142
64021
33940
3545
28198
13972
31040
30947
14961
443
61037
52678
56227
60534
51511
64227
45584
10120
20582
10129
53697
4224
42386
30264
38375
3225
65253
21316
20863
1783
57560
34547
21684
52448
32671
25116
277
60171
50942
41353
5544
36517
53144
23906
51967
38656
11480
61527
21587
57550
47355
20680
16010
37780
40450
64114
52290
58836
32266
38943
54849
45015
25602
8592
26559
14600
53176
65187
47938
41949
27716
45571
29784
104
56608
18809
19782
19499
5128
14186
62345
35829
11462
51415
21409
15129
53032
16304
23119
62750
61165
8839
40156
48814
993
20408
1191
54424
60831
17379
7629
48655
31788
53158
46753
54688
40549
39708
62352
15257
52143
51041
62444
36177
57034
41880
38712
26435
38218
29235
50715
472
47446
46868
28652
47152
37309
7198
13576
60115
13789
61478
44497
40040
45843
13540
15951
22217
7368
59856
17159
42712
37381
44312
46928
64843
9069
47326
63932
61110
57045
1695
6206
36401
62252
35657
21236
13123
61489
32212
42276
18535
4097
32248
52330
23642
11847
60431
20210
31428
25417
33634
39001
4839
40960
4064
61761
58791
33016
10650
20980
40035
13808
1517
11437
23438
42973
4386
9278
28345
41533
48357
3666
37270
181
34951
16305
32233
50536
25558
19104
63586
32309
13930
40180
51748
2263
60340
22476
6211
9352
7606
22182
33947
9702
51506
59117
58866
34898
23086
8202
61640
51185
47310
31495
56757
65531
15163
41721
47766
57071
7766
13175
24809
61749
47203
14944
26679
57730
63420
65394
824
32666
39660
54816
62014
30661
62560
13907
54840
40951
9908
40453
35891
36309
38274
33737
58223
57066
27422
1453
18374
22925
43755
40692
64558
43457
47841
37473
19408
59872
24485
61142
60826
52258
37807
11661
21745
1576
37644
3711
22856
23617
12254
54469
26988
52574
52780
2690
37600
59295
31272
55835
10599
8609
22591
8335
60674
44057
56080
17902
26075
48017
57643
49775
55188
1076
12703
30049
20
20378
6783
3826
60235
33027
34835
33896
63928
32141
27213
8359
447
18911
35237
41386
52401
54816
27497
51916
12526
26340
30556
21513
15862
45902
2987
36897
33049
54511
44904
40648
51215
30336
7930
30421
744
8551
18461
55551
52304
36129
4187
24076
22786
40019
40775
32862
45617
2399
48573
40628
34395
55707
42816
60520
29982
53125
5027
19344
7852
24407
43356
14211
40573
26243
21395
10967
18667
47803
54335
14544
31143
22309
42940
34815
18373
31528
55253
44653
36551
62997
7449
26466
24835
28823
22999
40547
7471
52555
60901
17598
14878
56393
30840
51489
2267
12938
32493
60430
20
10261
10042
40956
3592
41966
44624
9985
9970
1637
57438
46053
41625
15132
59231
16107
40131
62043
8018
53798
6725
36052
62412
33084
53726
45052
18998
45721
52406
61688
20488
61073
52354
2791
49142
60719
51420
23047
25550
57953
30207
22521
46121
414
62402
50166
54025
61980
56273
39869
29705
37606
64510
50967
39558
50189
21936
62160
38600
17781
7276
4700
651
40694
3741
15613
50007
6814
20174
9802
51359
9944
62129
8515
58353
11518
14629
7553
39249
7894
3666
43752
61947
40949
13493
35233
52764
50454
55538
37856
28652
20614
15179
22701
54374
6093
9979
2357
22830
24434
10201
53165
15715
62787
37822
57375
27041
23150
43013
52265
43225
46418
41315
36035
13877
9327
5057
30859
58970
61058
36191
51882
32011
21933
26367
31540
32496
56749
53073
64044
43499
15963
2699
27550
58496
40914
49874
32894
15630
32321
22856
44571
61830
51349
2775
3048
57387
15419
53981
3150
4242
37208
10305
20749
64441
28025
19764
36898
33471
55730
39509
37921
44557
9009
64504
15122
1502
29079
36702
21911
65062
14752
6802
18146
62252
42401
59776
52708
31357
50037
50376
748
56337
16232
35068
36028
18115
10781
52625
27330
44975
42636
58026
16150
61266
22631
48786
64412
11315
49466
5563
19149
57694
41676
37819
13733
57846
10735
17388
20208
37006
44193
54647
44629
19712
37993
44773
60414
7098
41295
11331
26040
44669
36252
17104
1278
10724
20208
41532
14519
14648
63143
7585
36894
45926
48363
45365
52737
11070
25826
13200
24831
37891
58896
55392
54708
4639
22728
34743
19089
51500
65513
11819
24571
2578
46277
62318
64618
47434
51694
11808
21082
27419
23568
31980
2474
23225
61679
11502
50958
40021
25566
30630
3042
35503
1997
47224
14708
2197
50305
53370
21106
59355
64167
58339
62128
49231
53074
51815
15580
2917
20649
35873
15906
61229
22955
57556
54754
10983
23124
25355
15548
9702
15167
29742
32072
49780
25113
50530
45699
42754
31608
20416
59979
21324
30238
979
34098
48508
57145
41160
23101
46818
60395
47987
4368
61617
58897
30692
36508
49367
1976
18436
54070
34693
21644
9272
42725
5667
21561
50407
50309
41814
13286
10026
15736
17052
17210
59810
42316
475
41346
44173
54510
31597
14176
33600
9314
57730
3294
54621
42
53450
57208
29736
54375
49829
55825
54527
39226
45830
20143
48282
24050
4287
24904
56833
58470
54411
22132
28540
55884
57411
8485
25673
30993
30360
49759
19073
42211
14980
11918
40451
28803
46564
47969
33078
58410
19423
20067
32126
35472
18884
63016
34300
35582
13714
30650
43891
56747
55079
48553
16679
38164
8925
47808
2313
5167
50328
51013
22164
61835
8256
43207
14757
64628
18125
62817
35862
59802
14344
28161
43595
51692
50445
62176
15193
41122
62618
19829
25450
31694
58770
36174
60700
61136
63917
23829
36432
56940
60627
27831
20626
8133
35839
41793
45259
34474
51043
46054
32398
25518
32309
57044
20829
37718
58261
27406
6765
20603
52939
9177
16070
22859
55539
50626
60756
53258
48560
25176
32036
35225
21145
26263
12344
12531
1828
41505
61225
59450
24742
2702
3112
63765
51146
24040
62790
28820
56019
61397
42468
35938
16177
20425
32565
53739
30172
5369
27078
13385
18576
3814
27528
14257
53063
37782
46130
30844
41928
13082
20470
22847
14724
14051
8379
6256
28139
37391
37956
14709
20716
16446
45053
13854
62996
20955
43383
56635
58544
1890
52629
37510
28566
49794
28272
14121
23815
60311
49962
60992
45472
20664
38198
40433
52792
52464
85
1409
18825
47761
15682
40263
18913
34402
35773
4486
31452
46933
44662
11744
50896
25783
9222
19447
56706
52069
45866
65093
39481
40145
11563
45043
24352
21346
12433
58798
63499
27501
11434
7419
55890
50460
38942
27921
33362
2379
23818
34767
24034
52012
7039
27704
37530
38925
18195
48859
46365
38851
38933
3744
49162
38464
65092
4123
28338
53899
1119
20358
54074
16600
34624
47828
11690
7636
31229
60518
18422
29322
52627
16123
57961
39693
30553
9010
56578
38867
31817
50320
31466
2932
22032
25195
2205
42085
55629
2521
39669
65074
15168
20352
27055
59432
34432
37262
6849
12642
9938
57696
64631
37402
2439
31176
46822
4845
38278
62776
55526
6972
27929
60968
27240
46685
61074
51772
52628
3237
5665
28712
13183
35222
41019
32546
32210
43451
55598
31747
35193
25153
29632
43447
32010
57362
12143
36677
54319
53019
22148
59713
11277
40106
42573
9704
49832
31520
63268
3594
19945
64200
37029
656
28766
6100
26281
60967
50306
21854
11245
10336
52859
8641
52718
42138
12155
16264
43361
3862
54263
34170
8528
58798
6345
51425
32974
21328
42358
31131
21460
47041
52658
27413
59919
52793
52323
2887
48961
2309
23190
64457
20620
2824
63191
30671
63569
218
59680
30292
19616
17626
11772
64163
53485
13045
61057
62059
55020
11183
12344
3472
6529
11278
42569
48895
52390
50141
29908
51960
21256
7524
44080
43554
65154
23066
42938
64366
48797
17133
46380
55563
30232
31864
54156
16707
53153
21635
8651
41517
44158
50214
34027
43725
56956
59398
44194
7915
810
24774
50586
7192
20697
29631
35417
53823
47369
57457
20511
24226
43304
57340
41254
30686
7258
57972
32874
2595
22818
7596
5001
18007
13183
40950
18669
25203
40851
33255
30162
9013
15865
41864
35118
59266
36827
58607
28498
9385
13417
34571
12681
11423
59270
10898
22686
10973
51289
25885
3843
59793
9275
29617
52368
31222
18439
15609
50730
16121
14635
6655
38531
9080
21768
9902
25513
34637
42468
43932
26708
49726
51220
18472
15002
10553
51722
47436
36214
2194
56510
62144
9905
35620
5642
53560
3445
40334
23728
11135
16043
15249
7589
9500
11482
19420
52059
52637
49829
61226
31877
12252
30610
54245
41127
36905
32452
14260
53048
10623
49649
15450
18914
2410
20607
19185
30744
18272
27598
46608
19154
30296
40718
22828
33847
64617
33342
3272
38340
28897
55123
41982
30795
4767
18644
27608
54747
3442
6220
43935
14914
49654
276
21963
39587
3366
45099
7721
24715
6831
58702
19270
5041
19542
42490
25848
61921
50987
61400
60604
36159
51293
24565
34830
57635
61151
30644
61925
55152
23003
58924
43661
13438
57950
27587
35975
30285
40333
45888
51867
21340
42845
57598
46506
34500
11918
28591
2130
5474
63730
54680
16094
8368
36565
29963
36155
16615
26117
16329
5453
57900
30021
4126
33354
16870
23419
30956
16717
7332
7488
5390
46221
55339
43960
18723
36904
37073
10681
8477
25647
51415
6063
21002
21446
14419
678
23057
22808
4246
18509
40927
22767
44286
2083
45366
18257
28564
26707
16612
10402
3560
49010
58985
20214
23011
3256
7464
2842
55835
464
5745
13918
42851
5766
38907
8736
5648
23272
30780
25351
61135
19202
53125
5193
26112
39938
4577
64245
59240
59426
48659
57275
16034
7446
22255
12852
59046
35203
16928
27375
16033
20805
64981
18446
57897
7601
38242
12775
30770
1676
33327
1107
5184
48843
14387
17753
47757
63736
32301
48410
29463
36189
60398
15670
6519
29329
35750
13360
13101
16623
46008
12697
14271
33052
39861
52523
14955
47784
63222
16105
36592
42964
8961
35557
8588
53000
61335
39073
44959
17481
55226
43825
52717
60597
14060
23842
33035
36792
4792
58667
16406
65273
64992
60229
41299
25054
49294
23945
22150
51648
24360
22097
34355
10689
38231
20414
317
50737
45592
33823
31910
26767
16085
47169
3948
3692
39700
43310
27565
50057
42567
54436
44409
40395
22765
19846
20220
35055
30708
53001
9411
53050
1209
11785
42189
2562
63452
58176
60621
33637
9364
56020
11996
46487
14183
17825
59562
41319
18065
31434
2886
38936
20781
46483
7670
3799
3154
34040
23691
21692
17827
10580
57760
25169
63017
4343
53622
33953
21372
35706
65041
22739
27293
27845
35851
40130
28234
1455
8882
56612
1088
30911
51180
8852
8936
51434
26062
36180
50606
49793
32930
42969
36106
1471
50859
20941
11755
41824
6345
32994
52452
5727
45547
46339
59834
1037
25636
4959
64697
3813
64473
49617
41556
20165
30562
20490
52944
63070
61329
44843
24877
40779
37288
29357
49832
26428
63922
30990
38560
24414
51290
39399
57245
39061
11029
53327
33765
29418
54541
16686
43417
29158
51765
40140
378
30147
15285
34278
45307
7744
52345
56509
18488
3259
40822
35103
18706
10492
16884
34817
8761
55431
43648
41118
8100
24447
5493
30917
62969
64710
29989
56138
42283
38483
45262
64180
51292
22040
7339
60256
5844
16
61750
17271
5543
29095
28917
10245
57631
17078
16884
63185
34028
32716
20755
49997
46057
47163
9228
45761
64657
16941
15570
35124
5229
8240
45302
22758
6827
19075
17818
46180
11816
35663
44841
41032
61558
40268
62925
27514
65126
4712
65353
39346
44206
48748
32303
17133
60820
40161
18665
15774
2955
10938
22047
56169
9604
41327
45307
28573
6022
27708
36532
63970
18104
27622
10401
50619
48981
12115
27145
13809
810
28972
43617
5699
49087
7866
47423
40684
24149
21648
30731
48007
2791
18958
12831
57035
33838
29320
5050
42827
55895
30729
13394
38480
55599
43026
19358
11353
3936
53993
20923
58923
32835
12901
32207
16650
49874
61140
9247
11116
49350
57329
57083
55557
63379
22678
32433
11698
45298
38816
52446
3954
26661
20390
10230
6224
64534
64240
6796
18018
39966
59959
14189
57360
28179
26381
41766
23691
1258
18562
2370
59056
3702
60703
10852
9810
44825
32120
31736
14925
32482
3980
26498
54990
5956
28865
2273
28587
57494
22534
29361
22726
54213
11880
59147
2860
8961
45589
7966
32309
62144
22821
37249
60944
30655
55996
14600
28116
45269
20405
4934
48722
40736
22129
20540
46229
19557
31015
20600
38132
14806
39661
57301
53683
1336
46451
39247
7927
12275
45229
64111
64968
4876
55912
60296
27416
32934
42877
13779
32648
60425
48790
29408
60394
13621
8279
60849
37463
40681
24405
24837
5087
27401
52230
26985
12723
26333
38363
36043
32329
8318
53590
17881
60600
63575
41158
57526
972
19143
1923
40903
38746
59924
38372
63183
58274
16257
48813
18576
64931
6868
44770
6673
34067
63319
22501
60575
40527
55721
48111
7383
21957
11586
55841
57616
46429
25434
1896
51553
61180
59340
7145
44652
33805
5265
982
2684
22150
38187
13959
48008
55099
11419
17969
3582
53564
27395
16547
9372
22413
34154
51672
27522
33194
4600
55743
19653
19801
31566
56664
3488
61047
51909
32005
40909
56818
9191
22188
7177
38269
29041
73
32953
15652
56216
63356
611
29961
635
1760
24568
38228
62858
8371
22071
29788
8019
7910
65510
63378
4285
63926
24716
46795
64723
42323
58284
32946
64545
43289
62722
51470
55240
59733
4686
29374
55659
46529
37740
44550
2435
49560
27106
23645
16596
43582
45489
3306
49430
30866
34727
55366
12389
18273
22977
20088
18546
10440
53156
17392
3610
56565
44103
36243
22421
43119
3106
1875
35917
18012
18847
10382
8639
24548
54078
28307
45484
41881
47821
13142
59782
12772
23300
23216
15298
56915
32829
17724
40202
17262
60046
62323
8417
7842
18351
20794
47847
24872
33378
11949
11630
60808
30565
8365
52173
40993
58448
56392
63296
26874
13999
4609
44246
52617
12010
19318
62229
21561
35989
17638
58390
427
35552
9235
16070
1754
41883
56521
9280
4200
3556
64173
18750
26836
50910
16983
43191
43039
40280
54624
23682
41240
30481
47287
42277
56037
28199
51345
29765
57591
25905
57836
11850
55691
18142
24140
21032
47021
40855
34910
8067
34300
32562
54833
35065
29642
30258
42411
10608
55906
2261
35267
55084
58814
23624
9783
45654
64435
35522
50589
1839
59362
59452
50524
22975
9849
45915
12092
38004
49300
37437
8827
26946
9490
21908
54509
5703
10336
36008
47124
36229
47770
23596
50941
58140
36954
41699
16642
22050
48366
44633
265
44762
26541
26101
16846
776
4602
6858
52965
48182
26333
5766
15914
5761
11519
40668
53440
33053
30099
13346
47028
286
50509
20057
63977
1320
52962
55451
37193
64131
25222
37069
44645
55312
34747
15490
63004
59112
4672
24092
29380
57596
11909
46088
39220
9881
5029
57135
30354
17323
9847
13697
30090
26687
48753
17855
4018
55912
6150
18118
58702
27478
40552
25567
31616
51516
21148
62441
48836
4155
12617
44427
9771
26573
37995
16491
60746
25388
49711
55285
64255
44044
62359
6316
51186
19232
26088
13849
52731
40908
21272
22091
19367
1052
60244
54496
14441
57120
32521
15043
35710
13787
37755
15311
52417
53008
32066
41111
59624
21113
8001
50740
57768
6345
53010
57972
15396
44051
39533
39048
17632
60392
55797
4082
61527
49261
52967
42318
52738
60990
52351
28144
34945
42279
48541
7479
5578
45210
9526
41594
48881
53913
42176
7700
39997
62292
51060
27731
62008
39492
38655
16602
930
11883
54872
26032
22360
63726
26217
43467
35620
55044
21564
10401
22829
12451
41196
36599
229
53437
32255
10918
12051
2727
27947
17482
61133
15193
61249
10788
8953
50872
28003
32443
46924
55038
30223
31708
342
60472
57540
51125
34098
27666
63952
29851
11450
38948
35708
60501
35314
62255
4627
43656
60007
49733
25391
63216
8837
54531
14395
14939
28010
60605
27645
49785
26831
7952
8639
27387
26032
49748
34253
775
55959
5128
35246
17125
45378
6092
59534
58584
27984
11786
16105
25473
50478
32884
7308
24756
3952
23182
65107
14575
24728
21274
64208
10757
48998
28057
44554
6243
20883
39117
19398
34172
17529
64275
7179
33542
23201
9467
34966
14545
8477
32246
49500
38994
9746
35902
22630
39957
21320
11888
59072
7293
51561
64472
34150
7392
3565
51493
53271
31383
51804
17098
33331
64151
46353
26459
62258
36232
31865
48335
46578
25258
44232
48731
54276
48261
58205
20988
54820
10018
41730
38953
45986
44006
64898
2618
32810
46426
54267
38619
39833
15276
50277
35674
20027
17983
45750
18337
44126
51856
58514
29342
20662
885
42955
6521
29427
39914
2341
550
10820
17564
10733
4358
4636
32682
29322
21950
38335
32706
30794
13726
52435
28076
30421
52735
51282
22360
17771
35851
2004
11016
30430
50259
32388
62115
30288
22456
39514
15308
15611
12193
44772
17617
29158
36863
1982
5521
6257
20746
57298
31137
37775
18927
9850
16479
47574
31449
28771
16068
44472
26238
50445
50486
16089
37768
5673
27360
36416
39354
16223
51126
18038
46525
41203
56450
60420
61933
15538
59917
10868
10339
22330
32035
25075
7437
57572
517
13887
16366
12443
40286
6196
43555
27533
26455
13232
34191
65174
48814
57871
9407
8906
30057
7405
27940
45241
38737
18571
23144
22279
1794
28456
46289
33305
21074
65078
22727
10333
487
22104
47642
30669
38436
38577
64027
64092
35657
18109
57054
48900
15314
63539
65100
50104
33941
58550
14724
52874
17216
5181
26613
33276
64846
39527
59706
53713
55882
42270
39700
50951
63895
22236
57789
25126
17727
30740
38351
43673
56030
54163
63128
48105
41293
43166
4830
48446
16255
8669
13192
49175
33788
53753
43717
39006
36909
5125
2703
3841
45952
53378
62965
16209
3315
40983
47435
27225
18165
61840
48910
36808
16626
47517
34106
17541
51610
30657
47820
7591
33060
5761
47568
18689
5294
12127
43939
55728
50218
13302
61756
39626
36676
11535
24624
62550
21406
48729
40790
22651
25514
25031
62011
15267
12917
1122
7699
5900
29732
57832
4231
64538
22099
4644
59247
41907
33162
9976
58440
61041
44521
50849
21282
50357
41561
11958
25655
58328
45449
62509
59631
30381
45337
53934
10094
27443
55801
34911
11054
57842
23282
9733
33643
49222
51454
14438
9313
7104
41699
21423
51971
32274
15525
1179
12629
28554
21026
65405
21647
11717
35353
146
43883
18604
41603
13722
36268
58754
20933
57203
53304
13948
10139
18582
6305
31896
43460
23475
23354
35564
51578
28815
40633
50938
19671
16921
37807
29302
59950
65492
62692
45390
14956
1529
4882
62109
36312
18733
49368
26965
330
32131
6594
4538
7954
48189
54042
34282
19883
30694
20889
1706
44338
45637
6862
47203
53892
23385
24437
7493
59009
1002
40486
39681
11610
51589
42805
16930
25850
55509
8573
54793
14542
48306
60471
2254
61562
58867
43340
19518
18396
39509
52216
17101
9789
41033
29785
7352
11588
40847
21048
36514
4257
51541
63941
45019
28479
14186
37083
13584
2731
18478
42546
47351
48445
56719
13808
19464
45331
64814
62330
28949
11331
59043
54138
61428
20848
63686
34100
51250
55348
42284
9291
30755
6450
51011
1429
27701
7380
27812
26755
37075
9965
25277
36057
53517
47000
53902
18465
50883
32447
12404
14265
5617
39289
17126
29743
26408
33790
38200
58394
31627
19865
59185
18976
35775
26445
53674
45335
25070
49343
19456
42412
31479
65410
17008
33262
22307
21857
60799
35010
9886
4759
11291
62371
2152
28891
24889
12873
18988
28340
57866
4679
46069
9808
10184
53325
46592
47276
40429
62035
38105
37984
46276
56204
18436
34992
64664
50639
10492
63086
9460
40347
58012
27860
36782
21603
49233
5855
59009
7073
8591
3418
2997
51295
10437
38743
6741
5253
14547
60923
31171
6241
60775
61437
19551
44027
23299
42145
19246
24275
51372
31017
24627
4732
1918
16924
15956
32821
10804
18503
37437
59797
58928
36340
60336
19133
20322
12194
26062
35930
1792
53338
13609
65256
26601
30200
20948
56593
61384
6047
55273
63360
48943
44106
57890
59146
11418
28093
30348
10134
12510
37105
65353
7742
10466
1372
4919
44860
35876
63579
1900
37288
58295
36094
65275
5244
27239
28141
60203
983
31206
58359
47414
63005
55379
12227
21048
17400
59043
63172
52106
48132
38414
61980
6069
32613
48030
61556
5416
23835
33353
6430
7124
3394
45986
51176
30805
12961
55861
7723
32377
51975
9585
64239
31885
36174
7191
34483
11601
44868
3103
1638
45802
1398
29463
26295
3821
32673
15523
17057
45481
28168
24390
17606
1278
43592
12873
22620
25125
36528
13058
18494
16316
8148
13599
48707
44066
9370
7701
34683
15721
33376
44260
15830
28023
59658
62694
20316
13190
12492
39404
6538
27940
16865
15673
33690
8567
55368
26924
17373
519
22086
23276
31422
13555
48514
32960
52869
882
26283
19367
23770
44119
64182
41891
61372
48182
4680
26003
58611
58637
23367
52342
5966
53068
40648
59892
40643
10218
61533
65483
12795
27851
39856
65494
57661
15009
2839
8648
36033
27748
63090
31981
47224
3936
59104
37364
12273
32801
46842
15267
178
11312
28390
10821
27719
62477
37765
40135
61009
53163
64055
48836
2948
50611
31919
13743
42505
26805
43648
22402
1173
61245
26887
58774
52699
42024
13994
65037
48618
9481
19251
21557
35105
17312
20920
27359
7419
9714
62902
33087
24886
2701
9074
13035
54829
13455
59927
59136
44068
57182
11287
63181
62792
13731
51583
20219
3989
8488
48913
50536
48340
1735
59892
54359
14961
1649
62721
18105
46915
8523
37851
35351
39516
54908
30869
49357
65348
10791
50789
27584
61436
28049
300
9900
19585
16662
62270
7051
46081
35189
57818
43734
35989
37786
14792
15080
234
35198
11658
3604
26212
52888
37395
11550
41075
51719
38936
14729
26760
34481
9125
31179
48407
5700
30517
31797
23504
37719
60769
44411
19417
50106
31988
38945
34871
16658
57556
45088
21619
34617
54385
9689
7105
22970
17811
21892
29980
62674
43041
64629
20357
15593
3713
5681
33611
34089
1805
34378
51738
17475
7564
19703
14213
57943
14549
31714
8821
39101
34412
4947
42469
54675
63464
35996
15978
27821
16951
29141
14993
1608
45324
39835
1206
53073
51907
56649
46199
40496
31314
29016
27344
61270
42131
18734
8501
34943
1649
3164
32525
10559
58384
60433
23996
26817
17448
57035
63415
23150
2710
23120
37573
224
13165
56941
6553
39742
44507
15332
570
63945
2698
3652
13877
8742
17076
65456
18092
61294
31426
61825
63797
44061
1783
25071
37452
31446
7482
17857
57528
47175
55285
38183
20393
2841
18405
49204
57648
28970
50431
23478
8868
6978
59874
49414
38058
64010
38096
48113
17912
19926
43896
39133
12639
14111
59281
21024
51483
5874
47590
22454
1103
61653
25557
33126
7407
12046
17071
16487
65333
19649
45102
54529
36525
3963
39270
60582
35793
58497
49598
47422
47462
42276
53111
33655
48480
46530
36556
56410
37052
45718
34730
52296
8828
36277
57077
17908
15417
64240
60490
52428
11792
9619
171
25636
31392
61055
23614
23733
20023
27140
49215
53206
43218
29228
57160
28342
56228
15279
31130
10881
25090
24547
10279
34127
36194
59175
20090
58115
61582
54501
47312
1851
32726
25922
55110
39442
44799
21187
57914
46714
57798
40734
31029
780
49428
38399
5843
15796
55320
9423
52249
48123
51721
32937
25886
48594
126
31089
6883
917
15646
28133
5399
56216
28461
34995
47006
4253
30830
35089
26270
36253
47273
55092
21435
38824
29749
27622
18024
45887
40483
61324
6992
22543
26776
3081
33793
6621
12419
36535
51861
45391
3330
12512
19047
1235
26517
64504
27112
26235
26575
63553
20391
39970
23954
60520
6876
25253
2686
34105
19734
41850
44957
5535
36873
19637
53921
54777
48534
49506
40440
4675
22681
25167
23
57416
30147
28943
62358
38720
58239
49095
3687
1965
38292
48578
11161
13914
19293
6775
14942
57089
63912
49399
5956
21144
16073
21909
2493
7477
30992
12084
49212
3583
59127
26039
54649
16316
47138
49888
59321
30093
27192
24353
6634
13554
21958
11762
49431
5285
29128
17160
18606
48895
14213
3093
33176
47210
1420
9962
36351
21256
40995
12225
38422
41657
24762
23451
48404
20105
6501
1329
23327
18081
38586
59052
11956
45585
29040
6292
5957
34140
64790
39466
3654
42123
53593
17075
50497
25908
60124
2313
26361
18639
9702
38958
22251
64211
23078
40637
32942
1329
34099
65039
39135
12777
25201
14593
19140
45059
6683
9100
18328
19457
29848
23417
45095
46228
7678
12999
16526
63382
11171
49034
60180
15677
20675
48766
53584
47440
17213
16392
64764
42263
52109
54813
40824
49718
35443
59617
19087
61389
59011
25953
46283
62897
39792
62564
58937
5298
58693
37901
13312
8389
293
24183
44421
52444
19599
25212
48241
65448
28092
12083
5726
30976
46542
46677
25353
22740
54076
58976
9259
47169
7357
19544
42558
19122
29435
38898
32720
44937
41224
35050
40093
8521
34684
10916
22153
13131
45618
42182
585
9888
15837
9667
13373
13500
25238
16523
47366
41793
28167
41021
58334
55696
3015
59410
3583
51882
29047
10528
11473
50176
19712
19902
25959
38982
32447
61546
56009
12767
29959
6702
33880
23363
27295
35302
37024
37200
52695
46763
59375
61048
5928
34767
3261
37205
45047
31019
64820
1478
37725
58642
56856
26036
36373
46955
9617
41292
27295
3419
31425
30993
42337
25910
34280
56400
22270
60611
65439
35163
12435
22071
14336
63332
30841
50034
8512
25216
22751
5101
54377
41637
22692
60781
31115
30898
45050
55832
50141
10384
38849
3554
14281
44471
34532
3952
28418
17020
1859
8622
16667
2985
29000
32736
7814
12229
57603
52941
12616
22356
25204
54095
20935
27217
17202
57563
25351
36238
58890
19239
5167
23997
63388
21088
57246
58089
46329
2440
52408
62367
6454
31924
40175
8433
36429
49771
25994
56164
60909
53010
1387
30952
39269
52113
45208
26189
30628
2118
28152
1068
61510
27512
65458
17465
51764
2757
31119
22379
28330
57403
39694
31180
20452
64679
56922
57511
60004
3198
31256
39426
32143
4792
23839
9042
44062
8533
5866
23119
60587
28319
21174
3035
57189
40209
23176
61114
35194
65404
25405
3045
51397
22187
34421
18728
14934
49247
20258
43427
14065
13096
10385
37152
10387
37439
2853
57998
53780
25570
21725
15387
31005
10985
9734
43347
38753
9490
50395
62127
37225
22942
29584
21020
46695
55941
20673
28831
43539
62000
37010
17913
19063
57770
54092
34301
56467
59089
19759
40473
26209
47837
60468
59346
7673
51462
1376
43925
8773
36297
26204
34718
53496
64156
6863
58896
46984
30221
14703
59260
56263
3146
56458
25023
7985
55568
36018
41684
30549
19629
41663
49064
17583
53008
42271
65166
31626
56735
1761
23507
20601
57884
40457
58046
51832
16161
36764
6572
65333
54611
14598
7608
64843
10789
33576
30818
50542
7621
18955
31976
17358
25707
47196
7030
64641
34691
17487
54160
1088
31148
21766
12136
21588
25117
46863
24655
45992
61972
41651
805
34989
22097
17673
55796
28157
22457
28099
11515
35874
7818
56923
31268
45382
32916
10236
6235
20075
45616
25382
46927
13504
40644
14176
13431
46821
59734
24003
38463
11158
45909
3764
45199
57368
34319
20071
31671
50456
42581
32025
28094
24505
54596
64749
44771
28540
53090
30891
56649
5317
37188
49879
21281
63555
35187
23951
47598
27894
19740
1824
37044
18533
64383
18377
2478
21766
17011
9470
13839
40412
39157
4019
33125
9742
8110
2269
52043
20406
46437
526
28652
6052
7301
32069
60755
62097
34069
24268
56604
17043
46717
2194
26594
19524
31496
25465
50661
546
23473
10085
12988
10247
58944
29812
55205
64046
16943
2682
6087
8904
42252
44455
18033
40609
50111
34452
12796
52001
50084
63078
39081
58188
43035
62929
35317
35212
17122
29681
62911
2708
46192
30982
12305
26053
28021
17224
46708
32722
42025
3553
41160
30497
62234
8647
32029
33390
20832
32279
31264
28775
2179
26236
59682
55601
31969
31756
60181
50784
3908
65491
34398
44728
6360
48556
7127
25473
11823
41786
15427
31714
37894
6590
19217
45071
20223
55631
15897
57924
15962
40534
33165
12115
27958
23234
27014
31540
57718
23178
35072
17775
61559
27854
34657
1364
11592
11707
61648
33199
1081
19478
58500
44315
52885
30133
22982
15786
11512
37674
51505
58459
15542
50141
34509
46841
51221
15164
61840
7737
31044
57806
37578
62528
15542
10629
37933
60376
61633
53908
16440
60470
1944
6174
27377
17758
20658
33259
14821
38999
7709
46373
2609
53206
45791
60895
4686
8320
32321
27969
8637
62386
53927
27930
60212
60090
62977
15259
4376
57439
33866
35459
35460
41326
33289
32493
43415
4466
21615
25251
16816
65506
59332
63347
35314
6154
50207
35756
67
46654
18768
25317
59224
15614
11449
7660
37228
14256
64441
20881
50152
36975
27414
13586
9932
20242
60798
50145
55087
51818
11500
647
3270
26239
13058
20365
48090
43669
8895
4100
28079
23279
25135
47918
47240
50321
56231
47978
40122
55358
59922
39931
3887
25007
36997
55890
45670
8851
64047
38178
7128
33728
61153
31262
11380
57551
53534
49677
6904
29008
21875
9068
43629
31733
20768
13221
56665
1318
19880
52463
56735
10936
33528
14189
62374
18384
20374
18069
64683
26234
22227
58725
1741
46394
39613
19813
52528
17889
47621
8312
52494
24220
40676
49367
51725
29394
17514
21848
47356
50484
30815
43046
22444
27691
36709
29508
25302
33583
18864
63885
14623
5720
65251
5510
28041
49879
4710
16428
23500
56850
32153
17905
9240
23695
10907
47692
2496
26844
26643
48162
23004
52271
49382
11963
32799
49051
5681
40480
586
52379
28179
29546
41360
32453
27327
10444
62033
6865
47232
21793
22311
40343
32827
24489
55585
38338
53540
61102
17647
34604
49221
54619
42513
62857
6028
46722
9635
47972
13317
29973
64694
40333
51895
64818
25148
4338
7527
22518
53713
54490
29061
27843
7782
60185
64138
32937
47842
55230
6036
32296
57887
57891
47769
30689
3973
52825
21327
10589
11277
48058
3897
7838
50685
36569
34759
23920
26440
61314
23145
3678
34269
63199
33707
34945
8491
7102
28555
24029
27792
34720
60774
63710
2478
48379
17147
43795
3515
2826
22270
39854
16228
36584
37681
20226
52640
65269
17271
38755
24448
6037
25026
49516
42497
25289
22099
55089
23846
24437
51325
38741
20753
61634
33758
37876
39368
4207
13189
42807
32481
48113
31215
63974
17791
22789
60829
35223
34111
44111
64400
17714
37124
21754
36013
24568
262
64925
30912
44819
33685
59426
16425
61615
51821
7284
18189
32604
16016
8795
33979
29161
31055
49529
7481
45742
54206
1453
24537
40754
3183
37476
30254
23517
34343
53496
10743
47261
26312
50308
27509
18574
19493
23914
48701
40269
17553
61728
43119
24768
24053
46930
8125
56439
59520
7130
12113
61905
47715
25299
2501
39016
17213
24422
41307
41274
3305
9102
4248
5420
32818
17106
61789
30726
28274
35113
52660
380
8508
49736
19560
6168
7302
64474
13437
29510
39559
52127
48267
40428
857
9730
17085
32116
10097
4588
41287
46125
16453
10073
61048
46754
5597
15559
42541
17047
46971
5983
4006
45570
38628
55266
28581
49128
33611
44686
13377
11518
2959
12208
63973
2438
40971
49879
14312
38017
64184
8772
41299
474
18720
59040
37118
23037
59926
31067
39196
20106
34105
1800
52215
39375
36754
26121
52698
40397
3043
22415
58829
51816
24060
55416
50281
59
13483
17286
64295
60506
14386
60501
41355
23587
3706
14329
19654
39035
3803
60818
1847
28534
17555
20721
57840
15250
10058
5159
31835
13111
52114
57984
48116
43100
8454
59102
35230
40837
29920
16239
32859
30736
44541
17636
48451
17840
32940
30005
36903
21964
29106
39687
1169
49156
57946
64692
3242
42816
11974
32789
56630
39209
53936
36469
50720
55568
47751
60565
45760
57523
53093
8797
59488
44478
57225
31802
24041
28039
56734
36410
47300
2055
11178
28427
54523
58297
60815
52763
13387
29960
53402
30291
24752
39571
21555
5223
15285
49111
36268
24501
59803
25592
36641
42952
13655
20049
634
52828
31041
38604
17460
3462
56108
36858
45807
11364
43566
15395
34689
21341
26969
59889
61753
36390
20588
55966
60901
18455
35497
61167
53584
3413
59556
21445
48939
19583
26926
57783
25965
7190
6670
44540
55247
54080
21384
58705
55166
27204
48239
1104
54556
18711
57192
46011
62384
33357
32711
34408
9588
62631
6985
55638
24099
63687
37493
39338
9433
34518
4492
35940
22786
20042
13136
65233
24580
13578
20283
48676
12123
34064
53963
31174
22462
35681
25622
37394
15978
31484
10704
61025
32136
55084
35136
51473
23999
28750
33853
3260
21281
2202
44107
56741
52816
32280
27897
31070
41976
24873
43380
4659
34815
34838
29943
24796
42770
5012
42481
3171
51199
2498
60978
6179
60707
4532
27598
63666
54349
35473
31547
6594
42266
27986
34732
57280
44171
39098
50982
33383
14047
12172
24948
33918
61680
62772
15279
20472
4412
31138
19028
58993
21137
48269
38452
29445
36485
51926
41931
32332
30666
9427
38113
28718
46879
16893
41955
3995
3304
53144
13023
63078
61869
37577
26345
59618
58746
30741
21601
60614
65468
13969
40174
51959
30640
34269
65535
18512
9883
20583
39508
14348
45419
27514
8026
46869
57316
64317
45051
34677
43642
41902
24653
2679
39147
53055
58891
48865
57409
29173
23513
8899
13247
38289
11472
62127
7451
45176
2389
53635
56398
53183
259
19248
32533
2277
8222
64517
37094
3141
50728
51230
38343
39489
13216
31909
10044
39209
5295
9635
26190
31178
38759
57046
9777
52025
18055
49960
10936
9324
33117
28646
23852
61589
1948
31050
14380
43210
61387
26538
16866
53143
39307
9981
41126
13935
7120
35352
22519
45269
30646
55603
64375
18598
8109
55968
44162
31735
35526
60562
42124
52857
26908
61692
37247
60022
2527
33794
8214
33311
48814
25212
32651
64815
45990
56254
26718
42092
26101
8345
7375
33400
58054
32641
833
36364
37906
17011
45718
35571
56368
1454
46619
41941
39944
64121
35373
34289
47629
55172
42073
5281
13278
24361
64317
34346
27959
7771
15499
16456
55877
52558
65061
55722
50500
5348
16138
57314
37429
57147
54281
44008
28197
38535
28674
19164
19077
38774
50430
26044
43736
53318
58347
36992
5249
49771
15344
19021
19043
59043
55995
21921
2705
56596
60447
10620
22299
12507
61901
35993
14734
9623
32538
57304
38649
59853
52043
55282
6684
33531
20125
34507
62402
36261
44091
62979
31820
50729
19215
40689
56530
11991
38893
52517
5508
52701
24325
19103
46186
8079
49028
25719
52212
12567
8656
55316
5465
59807
62383
19961
8179
43199
39786
47306
44674
20115
29252
36913
56487
37779
24920
65168
41837
61108
30585
12545
33690
50958
24006
17590
5878
44319
39093
60572
20154
38772
40788
43909
33939
39351
16466
45519
15704
11586
28896
37011
3841
25837
53717
29260
60448
40638
48542
31968
55110
50216
28086
31969
46841
38999
7105
25546
47344
15883
694
12323
10252
60685
11931
5822
4106
31441
9723
16146
21767
33620
17260
26243
58814
26157
21552
21540
24327
45681
37696
45350
2410
46929
65383
54994
21044
50378
4096
14668
6293
54784
17437
36188
49019
14818
30490
17116
48526
49890
40770
20548
60006
43585
19361
12199
26457
19090
14361
36534
40019
3441
12005
632
18113
20474
62218
30345
43407
45675
32132
4118
3675
40854
22944
11752
58979
28462
24329
31002
52023
52737
31485
47518
31010
10026
6746
50438
65003
5912
31750
26007
55415
290
52218
16955
24989
1229
48370
31166
19279
4834
33677
60326
9912
14824
19288
33960
42487
23835
28064
5475
45100
59064
44365
38662
60745
30924
41733
42923
50467
59294
41782
40473
26716
48527
38039
36672
64260
35700
33257
4877
30015
21992
16533
3510
36405
6973
38085
59551
30191
10451
34853
20742
43615
8079
32852
21726
57592
28863
50809
26688
45580
1316
23190
41408
18525
38970
28456
39043
35856
31221
63585
8602
23316
769
24527
52147
34259
8793
15080
25700
18965
16518
59660
32045
42975
14269
2521
27384
11730
21663
26358
36075
9777
5441
41248
36103
13992
7542
26214
43225
12048
12668
43309
44243
61190
27346
2129
51424
65281
12635
63270
5165
12705
46690
13460
43721
49950
16277
4130
30220
38776
1476
29411
51180
34947
42516
165
7980
56091
50641
15594
9221
282
25248
37457
57239
12079
62038
17974
34616
26331
18418
40811
32139
12432
64121
56471
63061
53581
6936
55200
21877
27706
3018
50285
4095
54370
15029
47801
52479
36731
60948
30150
41524
45790
17436
22852
896
19759
58152
27936
61374
35371
50498
60717
37272
61469
50423
47322
32005
19957
11678
1896
42848
26964
14994
9386
24520
55379
15863
21165
54668
3528
53473
34551
36979
39293
14466
39499
22599
57882
58303
55485
52906
34473
5019
49403
37914
14890
44399
3865
21788
36467
40336
46995
58639
5704
56549
6051
23492
46855
39644
49325
15530
54938
11729
32293
39366
2148
39477
64917
54516
10745
45143
41301
16066
44434
51009
65253
30418
60788
56130
58149
35883
26149
56716
58666
21939
65469
18603
37361
32129
438
53672
39937
29681
46738
32744
64412
36397
23704
33320
33326
31060
5864
7607
21755
37478
61167
19893
57972
50395
31748
37001
52613
49398
8132
23823
20587
52751
65365
31963
2898
12806
29497
34394
17115
55437
57303
14383
3161
3091
49818
46781
18884
12228
54292
51088
27920
14949
21705
60644
8837
65426
51509
37630
57041
35321
39722
57304
16136
27675
42890
7304
78
29033
35189
15325
33197
20575
31592
7426
50606
17598
60864
37353
61700
59712
19301
11898
463
53182
53623
44957
22111
2795
4376
36257
29659
8391
47471
37578
63629
52127
6294
16871
28957
18475
29577
7659
65388
41846
34282
62465
51829
56357
18672
61460
5202
24906
46542
32402
59701
24121
8941
31355
36251
34485
28203
60248
41549
15045
58333
38928
13960
46158
25313
35536
11349
46122
24891
12090
19532
29229
52117
12512
57285
29023
14590
10241
48828
32271
1540
22935
37679
32540
45311
7427
40411
4003
58962
14633
14037
45559
11530
31547
34324
42203
30992
5473
48084
24394
54404
49016
28881
25008
1409
34503
29427
22177
14349
17568
2428
51881
57401
24666
20870
46440
47904
32473
31344
42595
39929
24362
10551
16582
56844
28972
21778
46421
11064
5302
40278
24484
55121
13798
27421
27010
56902
32322
27196
23223
37649
49242
20143
35943
7796
47617
62099
29550
36368
19627
39052
59242
65234
50177
20385
15709
18467
394
52218
62754
38402
63823
55414
42539
58496
26549
45209
43847
49174
26015
2410
14438
11382
31519
63022
42578
42765
6134
16494
15374
57745
5686
649
28382
47283
17213
32202
4435
57017
37014
30713
54495
26281
4796
33864
62794
40596
52984
47976
36791
7536
36299
36238
16930
30402
36687
41587
35248
64702
19379
44193
7226
4173
9969
9286
27736
32236
50046
27354
31851
7191
10806
32480
56047
28164
56957
64782
63458
34470
49867
47489
38808
15524
39996
22281
63409
26509
6204
35055
47810
33928
45467
63031
25976
49904
30057
65261
48668
53567
50315
42154
46097
37098
57710
30357
23705
4782
53712
11140
32227
51643
8862
10774
48546
50954
30913
54574
21241
50824
57286
9636
37074
12970
56966
36726
45827
12270
5479
30918
15523
51253
3684
5515
34630
42129
45569
33279
31602
23562
1820
47135
12790
45791
27566
61295
954
44686
34158
17930
19705
53738
48459
21766
31310
58901
31406
58475
51975
33144
36841
50409
49164
47951
42213
13181
4369
15908
53264
45994
64768
34872
50178
62605
767
51536
53058
49298
3320
63180
32599
55945
23991
9529
37424
12839
35439
14470
9425
16396
53792
24597
9520
19265
50070
15990
20112
37551
26795
56498
55777
65151
37894
44924
63541
58640
30045
36972
62571
28242
40775
30562
57183
39387
47793
16004
45736
28184
26265
9291
24557
3542
15937
28380
59939
36935
33339
14778
52491
62389
23772
33141
55192
18636
59122
64567
60928
40744
34816
41448
326
53005
35699
14310
52782
19900
38171
59714
59742
4615
33355
57846
61696
48609
57532
19096
56367
13008
58173
43079
55206
13711
21877
61617
57539
39712
37224
15682
3609
43487
41860
48194
8987
61947
37988
53502
35393
6826
53169
27125
45497
18734
27401
34336
59238
38124
12823
32705
36736
55180
65511
24639
50332
14421
3776
20136
31247
40861
51034
1605
38769
5228
16566
57046
51243
13192
30793
47197
16754
56892
28380
30496
45188
8968
33405
13902
22349
63754
35911
45819
26275
41229
56735
46678
6000
62611
51232
29918
47321
36385
22744
21560
42133
42638
64197
61020
1247
37435
63006
33678
4137
5950
61576
41682
53569
40406
34973
51795
18240
47416
3225
54786
56407
41328
40861
8115
47189
6587
61450
35642
31464
15205
21420
37026
13024
49706
29910
35087
14480
63943
3294
26286
18696
24184
26449
39996
40236
7206
15734
57952
52344
41542
65371
26599
29676
1666
38557
22395
20929
27830
26846
34679
20056
35228
61259
33112
28296
6017
49787
13046
26547
42026
64322
49689
16763
32879
30582
41853
36220
35473
36317
38453
26549
33719
14608
18571
43044
53172
46587
32352
22617
18412
2747
53667
8578
11229
52242
48357
44234
43359
17027
62262
36949
8242
36291
11894
23990
39371
60308
20605
7531
19809
33318
62799
22944
41428
22659
29255
3113
39525
9633
24844
54138
25589
57283
22775
37912
51223
40662
4167
43315
15621
48828
57737
19424
7372
1831
28978
36940
20673
3361
22857
33647
46439
55616
757
4485
25248
29515
20091
49147
37048
15487
19428
64522
57990
34822
52494
39536
5428
18619
12528
61667
32930
51911
45557
34924
39569
19783
22695
33743
30844
56321
2202
41918
37483
29616
55764
60978
9971
20125
39973
54222
2379
47910
40536
49141
27488
58367
11149
2367
46712
39880
6766
5703
19544
50780
49474
22754
50219
16696
59449
45826
16479
62270
18658
31598
26509
10419
45912
49358
2843
2633
37357
29932
22389
17888
58574
24972
54005
39782
12640
44744
28818
62368
45089
61002
2492
44650
20003
17599
35625
31666
27795
37501
18585
27913
25836
63799
11556
30510
24990
21846
31683
53714
35296
24156
58622
34381
44528
54172
9316
59088
57649
19484
31698
31267
57539
54913
3595
37780
34391
59844
55658
7332
56330
9529
22558
34143
36545
45914
8506
55708
13898
35157
46367
62715
11335
7528
53168
44873
49630
27408
4939
63081
35426
42513
57364
1385
34459
56291
21727
25646
56045
50762
37116
19568
49912
6657
11394
262
57507
60787
4078
3802
36561
6543
20858
16137
6259
28833
