2654
57611
43832
44566
21201
36036
26110
11516
57361
63052
21093
64894
46221
62968
122
43425
11155
36368
47899
2889
34491
35039
56009
65306
44887
37397
1934
37912
54533
49893
53885
53389
31132
32135
56390
16862
24228
31592
41989
15494
36799
32602
16221
28975
42324
11656
36059
63518
21651
32265
8121
47335
53514
46684
28183
53166
35968
11689
19307
59665
6064
22519
9671
32779
13035
5179
48905
41333
17240
14174
13507
7988
16267
58692
51557
60812
53359
47255
13300
61297
14292
52005
38562
6614
21199
3635
65527
12402
27479
14424
11262
62660
9842
38485
52347
60672
18097
44988
39827
56579
31766
10948
20158
62174
26518
8625
11396
35378
49021
17104
2609
58835
53732
59261
35592
30614
18636
21961
27545
8874
14451
59652
6764
3418
4399
10601
30698
26761
23009
50396
41653
64327
20839
9170
60034
62627
6842
45639
20160
37373
63902
39604
4052
3193
44465
40703
15527
21629
2021
38323
62076
32873
36895
5736
39481
12133
51432
17235
2298
51219
41591
6262
19350
63742
10461
22240
17366
58384
19231
44580
25349
12861
33517
1907
54724
7164
24488
6085
45718
15669
12586
63390
18125
46927
7311
15024
39771
54349
27398
6304
62121
3348
65014
43068
47461
35066
59578
14824
592
59529
43097
59691
57746
4972
24789
30194
45788
54989
15634
55903
64142
15909
7180
6188
34141
56517
12291
13132
39663
1771
41311
12101
44553
59292
25215
289
57944
31342
36439
28361
32521
45317
35833
18006
3621
2583
32059
42585
63097
13717
26299
532
51860
45597
533
3708
27524
12994
1277
35115
41025
18111
14378
16911
25027
30983
53459
47471
38780
52036
45638
43986
26676
41748
48426
37769
13560
21655
26691
56490
13778
30531
43581
35893
27169
42951
14205
29318
4044
30823
11484
19290
18725
29698
65147
447
3327
22540
50948
62812
5050
45713
53499
14139
8905
46126
885
33147
62382
15319
46772
16385
25930
47078
17184
54167
27131
12283
34438
36038
11331
30269
26685
53460
26069
44646
58626
24187
15495
46589
6655
8742
28849
26516
48575
34784
55995
30006
14335
31895
6586
54990
2363
32029
22138
38335
36437
18816
52112
25181
4739
59401
21282
63270
46167
6776
49276
9178
12047
61853
48088
40158
38433
20298
45600
61760
49524
44311
14393
9207
4265
18929
23180
28630
31392
12212
64667
31857
17715
35100
972
10077
182
29024
44151
36938
8669
35882
14423
3916
22765
3302
41739
4410
38648
23957
52186
44948
57864
388
45997
19571
14325
16207
19355
6838
25597
12032
35787
44094
46711
48358
35113
19151
24335
34902
20731
43631
51791
20194
6584
54108
41910
6539
50275
4439
39013
33447
3609
27666
62551
30056
59705
49550
14282
56001
47732
31218
23949
51856
6033
50263
43680
30672
52997
27668
27208
7620
24727
3497
52178
40262
65093
4925
60722
37076
14502
33930
61372
48701
45394
43002
43949
59836
6585
64575
47549
11992
36528
57343
5797
18232
50223
62917
48812
61795
2008
43424
5040
10891
9684
32528
47030
37942
57573
40222
6947
18542
8780
27835
8387
41916
22405
41054
55489
33393
62721
32653
57947
25793
6264
10947
23803
26902
13286
40240
36565
41959
37464
33400
1711
49916
20704
40741
56670
19596
15297
41614
42971
5061
17956
50015
62182
57641
50110
17304
60243
7014
14335
63890
24507
47349
26263
15668
16540
62904
44095
29524
53708
64505
55249
64878
4332
6745
28282
62664
47788
53479
52845
35140
21758
46198
13068
37569
50178
32685
40654
47526
18041
45577
22158
40005
5104
12464
18198
15444
29195
47800
5156
13886
64314
3066
55459
47206
41605
4493
60664
63313
10020
31017
57997
37758
146
59302
61595
40040
9511
55367
51384
42307
15136
26462
64761
47253
43523
9684
38139
33630
4022
10655
36548
62351
9094
34740
62721
4761
52991
25527
39169
25819
64248
19321
48161
3868
7138
61435
10253
32641
20892
14687
35974
17079
14712
5946
15466
26743
31094
53337
11866
24042
59368
58647
40638
17222
54445
36300
50773
10644
32467
62934
57929
2085
15371
50367
17184
34169
58286
42294
919
40218
43653
28926
27411
25157
4053
20738
16765
44991
18817
51415
16508
11984
19703
18887
9391
57539
29481
51477
17037
10579
54137
40177
63555
34734
5607
19565
30099
915
8856
29880
12195
8744
25727
30449
10305
24547
31814
63366
1721
36339
50772
774
57537
31853
12760
17041
48812
63677
34809
18833
52304
47753
4440
38821
1053
32447
58117
58593
42816
27274
20463
44975
46703
25928
17212
7273
2852
16516
47584
48489
25032
64282
57570
27742
40410
40781
27337
55108
21218
48045
29380
26147
16092
28859
57257
859
47178
51412
3502
32787
38638
29014
42563
56790
52108
64645
34239
34950
12827
58050
19785
54517
31382
34183
37973
13949
5932
36529
56438
57622
16165
37520
22356
58754
31322
22965
34617
39469
62210
26504
55980
10269
10539
25127
32429
3751
6196
28964
6029
2469
38970
43377
29471
22086
3732
487
14292
44481
61423
63047
8858
28129
59407
16277
38996
42264
37099
3321
17695
28569
293
11944
41004
54031
60573
36884
6624
2530
1266
56541
27225
6907
19157
57639
8579
61124
18254
13366
32545
27
24001
50128
9937
45393
56679
53367
22965
53138
12196
57774
43385
64797
1820
25531
14268
13856
11535
48414
51653
2374
51780
3598
30796
61201
17760
45252
53450
6816
2179
34051
19175
43469
21466
2263
6786
26900
36179
65182
10135
42726
15994
61305
61686
21626
36782
8540
39014
9091
12232
32395
42
35635
60455
16887
29783
53419
22091
39518
2807
26980
344
30970
2214
39283
56509
778
8499
35937
42291
20215
13172
50350
33699
10896
23734
34959
57525
40574
28164
63488
2041
45907
40511
38164
58712
35711
47835
12556
10670
54601
29052
30362
43841
319
54088
58438
27904
26393
48882
1673
13365
65530
31959
48267
26305
6362
49610
60613
18160
56321
43785
49261
44571
27295
8733
62561
40806
48719
30161
47593
43849
34360
28842
63169
2709
58752
44933
61423
38839
60653
46698
43
22453
10096
37833
61698
28669
5177
45736
26132
54397
41567
33047
61529
14685
270
52536
18806
61242
57007
56545
55176
45285
14840
46738
3569
51621
60700
42391
32673
40589
54739
9146
47712
65345
48587
45248
28425
32678
14668
6436
63465
19137
20477
48940
18630
33178
33183
31304
35452
42516
14495
20651
24767
22580
56608
527
62961
1160
45999
13070
4231
61215
59634
9700
37509
3167
22674
28636
48137
21789
63674
45467
36340
29967
17602
36109
40804
38475
14269
48316
10067
48472
3489
27351
62025
57745
29012
3456
34979
16139
42558
63859
16596
57470
31382
59224
54938
24626
9831
28155
25408
45526
9872
53478
41243
34802
7200
19060
7311
564
10726
37505
44510
52578
7550
15405
15935
37607
6860
22542
12125
6780
10580
17080
33629
55656
64912
52127
51941
6582
13517
5708
60043
63228
54586
15717
27111
43365
37844
37662
28625
8499
30983
30739
14644
33402
52140
6225
61947
54109
34700
25634
25836
4082
24847
45488
26105
43325
5278
42312
25374
23308
8424
18673
516
62224
65213
2947
27010
49446
45731
37994
7740
58969
13778
45698
12775
19198
57084
21802
13492
10066
19736
17227
12129
60668
29453
46222
7378
9666
26223
45371
6642
9111
13252
13060
41821
21379
27503
32025
47620
33029
23374
27072
51725
1004
44116
38142
27739
31619
43058
30629
1603
16205
32505
42584
43665
24253
64183
11775
24424
39645
15559
52776
21208
3858
49473
62148
45350
58543
5679
43879
26641
43643
12415
59587
30128
7788
30591
64634
28033
48880
5287
49564
61371
13029
2552
60104
28587
40006
14174
3850
57093
16314
34280
43418
49569
46173
33963
47268
29457
10147
26350
56281
1521
59276
29896
58723
39980
56672
43286
54203
25080
59271
27001
48998
36469
3225
47716
48172
46191
46231
50386
46541
37898
51114
61367
49383
46113
895
57848
49477
47472
23787
32777
24666
64158
54333
38925
16583
32954
40987
6844
10080
6220
60887
65140
58357
16999
36932
32818
39728
59574
2403
11542
61054
38757
29778
24608
53688
18744
47303
64994
59868
33740
61905
33832
20419
64552
7676
3713
56576
54971
45006
61289
8030
25746
44127
60778
47140
32051
8088
48828
51459
64986
18262
10313
3108
34491
53341
35956
35330
31076
63917
57176
45770
12660
38886
29187
51654
44429
65201
14990
27557
20219
11950
24498
28411
47461
40447
45265
17673
30077
13197
39161
30988
47178
10979
6039
57820
40356
43701
33814
19329
1461
47772
26323
23564
58631
15151
591
17789
701
58603
52709
2168
11117
4521
49333
55871
57166
24402
23421
50709
16769
49355
39277
18315
42590
13921
63515
27090
28035
8634
49180
45710
32188
2354
4030
36715
41836
60207
6258
61457
64303
56877
9396
17059
23729
63094
42361
47552
2202
38824
13342
28789
13321
53610
3555
49839
21897
40143
37579
37799
28036
17263
49352
49504
20376
24897
37540
53639
40820
58691
18939
27269
27891
48867
24521
27559
10120
23464
52800
37519
33946
25854
45953
52923
26246
9270
54799
28286
42368
15664
63711
64322
29029
8380
17484
57792
39067
21675
50537
55609
36482
57882
16950
49459
21794
28548
52128
27118
21915
58370
62520
93
29107
50387
58258
59254
56804
58288
8988
41426
37674
38405
9135
29401
33980
64766
39694
26269
21509
32958
41240
33337
27616
53757
55297
36594
26821
39203
63963
16900
12995
22260
7376
64729
26728
48839
5812
12089
2351
48518
14018
34436
18056
37874
44206
47702
8831
51724
39091
23612
7441
4370
7900
23349
38300
1394
30477
14034
7873
38639
8770
53096
9001
48636
53009
37627
2567
25251
35537
54829
42478
50106
15443
50756
36401
9702
3259
40210
61754
52697
18007
28654
43668
26481
62343
44329
14419
27944
9181
28232
35009
23166
38498
56686
6362
2719
45484
43340
64534
19843
37609
12187
22886
26958
8873
8887
59887
37311
35552
65074
31911
37562
51121
13378
42516
31243
1129
2606
20890
23012
16156
29526
130
14757
34609
3419
8568
43040
2653
59256
45283
40840
4636
38371
34975
62535
2263
25833
3596
6668
33818
48057
15428
20710
21462
47654
50864
31778
29895
52000
24228
31357
49736
5529
44682
46147
53135
11373
33519
9835
64501
21076
55233
38746
41237
49227
22745
47655
56208
8937
33776
41588
53706
41433
56948
6291
14817
35696
64908
42868
35096
17416
47027
16016
48498
10926
25936
47614
47463
21513
17645
3159
33649
59658
38033
44443
24064
3048
51910
21526
4423
42353
6766
48581
12955
1754
41162
26734
35324
49493
52646
52790
30266
37725
20306
13755
2306
8087
44050
25804
13644
21685
65174
18639
36207
3205
37079
9911
33133
30483
11984
59582
53071
21925
28339
7782
35729
52794
62142
51278
47197
35952
47433
49729
62249
1113
16667
22077
40115
56033
13891
3144
2766
12444
19167
39080
47412
57783
33914
45752
18236
25392
52378
18663
27075
54140
29987
41356
23596
41230
10804
22468
33610
30272
54571
56789
58570
54964
20685
61947
24042
44595
58227
64226
42028
10057
23097
24968
31770
9234
57866
25092
12180
62685
17689
44986
40815
8342
7410
13312
46181
51353
956
64953
52915
41956
18345
44615
26988
12588
7835
35875
50529
29122
7755
39682
31521
4609
25324
28149
27511
17224
27316
44037
60164
51500
29596
9983
44435
41868
52656
45239
2015
6096
20630
45557
53028
32013
63451
30992
55817
33999
54000
50190
65200
10752
50229
4563
11091
5729
53126
803
37467
46681
50187
39329
56324
46489
56262
27592
30831
53877
40340
331
29183
39142
4441
39003
56506
47257
1130
18558
34095
52466
6908
36337
51511
38170
36546
45747
31281
14074
34795
510
48689
4383
6885
58178
3801
41970
56469
40077
20495
18996
35140
64759
32617
13753
61267
6651
50385
6184
4110
28719
16034
54622
52049
13159
10379
32340
3879
5893
4092
21730
38465
39548
3253
57726
11937
1702
43245
16974
36730
15371
54456
49167
36765
16305
45173
22630
12910
45844
22947
43469
26791
62730
55048
28172
11806
5180
10909
9937
60469
27303
24406
33366
38166
50578
369
61759
50926
45722
855
17634
42568
60892
64044
44060
41103
35090
25887
25303
14665
48362
62511
58990
50996
16140
16987
21684
29784
56899
27697
13161
42195
10070
1383
42735
29171
29079
9852
9479
44940
41173
2858
20310
1735
40944
48471
52439
35867
43892
33475
58463
29999
37150
16742
38159
62412
59182
58028
7945
41763
35859
35176
34638
55914
15849
41960
10102
17992
3816
39360
46992
60073
61217
5821
33200
19774
1006
28759
16731
6957
40355
29050
18003
17357
32388
3266
60991
15058
27199
21477
22342
61257
60727
41880
48384
31594
26155
30105
53351
59862
31256
8361
18408
29487
26423
61472
12482
43395
5332
3503
50427
26050
2839
55474
34291
19231
30338
602
23345
19763
49762
35500
46598
1935
46286
34360
52905
28772
35304
51024
55806
61561
331
14477
34844
54323
30350
37359
28786
45393
20780
56474
34075
46337
16986
18299
40506
48570
18685
50295
53414
13562
20159
15738
51840
22030
34515
36276
48246
52067
13578
8589
42098
39982
60820
20574
7709
27701
54116
2323
1452
63134
38993
58487
50355
10149
24027
22461
53875
29352
52319
37304
47696
2702
34585
16401
64719
26269
12178
51388
54233
42409
51752
46249
22100
24568
19011
38996
29933
44361
45407
10408
3160
6663
56239
29091
12730
36662
36036
39077
60076
29378
1763
39919
63986
44269
50258
29549
14619
11304
249
53554
51
50576
41718
45532
45514
20717
48249
19500
39749
11189
2195
53391
56459
12538
15006
49267
55095
21402
59514
7323
50140
19445
30110
26202
24264
21003
34157
44933
39011
17401
49310
11550
13139
4360
44413
15745
25145
15922
36162
87
2631
40761
18670
22871
29814
47653
57523
39760
63248
18481
36303
25282
25986
24891
61396
29110
62981
1080
11896
9040
13380
32704
31824
34025
15272
33535
35819
13521
10955
39413
10177
9142
43820
32589
2780
11111
51399
12071
46542
14940
13310
38280
50740
36632
33821
30047
7860
7689
51876
53294
42734
17951
12588
17536
41619
33985
20963
6498
56671
27802
53919
15661
19813
25556
51906
17650
56023
32
31930
25073
41156
51964
26809
58445
3077
8607
39082
56516
30384
26131
61509
25712
62736
5014
4952
15575
62808
17876
39405
38902
11330
4682
14726
25131
20796
45014
17118
27238
51277
13237
23352
15225
51128
24287
3258
4621
54501
58949
54734
13812
7576
6045
4539
28493
7289
47756
59388
9584
5815
27384
15742
60493
44684
739
43411
63254
60747
40550
57684
10727
145
29391
2259
24709
22013
47952
57810
1758
30718
46451
18350
16297
36693
63585
41935
48777
54497
35834
36234
32581
4860
35723
36917
57743
45661
56772
30222
52987
3473
18416
52207
5876
30016
20754
29617
51605
28213
36804
28281
17134
10339
65220
53765
24934
679
24789
20138
19371
64438
45463
39404
6721
19663
38069
25972
41747
63639
35881
46889
42822
60851
47398
40394
21656
277
7622
33863
15261
58822
738
40936
37215
12960
45590
32836
64701
64600
52194
3683
42728
26135
64421
15839
61805
38472
19769
43298
28006
20670
38517
41038
39
53024
40676
45761
11017
46792
17813
28641
15667
54968
41852
11212
53161
45051
13983
37922
51270
40123
36161
8714
37272
22429
23206
60077
3023
3289
44336
6500
52297
35973
52592
18728
16597
36566
26408
56027
15908
13992
26166
11513
53117
55974
36116
23254
57575
43316
26346
1099
7135
18368
27594
20392
51262
44785
40138
44639
64933
41753
32204
8940
55380
49156
4165
65319
61512
13955
57238
62217
11445
41975
38827
50062
48232
65315
55215
4394
64232
24698
47775
32740
51330
39888
28653
16347
23860
17837
41821
45913
16971
40172
54745
6908
27620
32656
30671
10188
57458
21885
12387
52973
55204
44389
41571
31571
35295
16584
30964
48416
22123
39778
3978
6863
33961
10155
53571
45475
3624
51542
3402
56385
51685
8857
44180
24399
52241
50247
16752
57637
44683
47706
18559
12642
56680
36035
59046
37923
30757
46175
26323
48501
26801
850
13857
41292
43237
43955
648
49518
2441
21318
4200
19335
28320
52863
39618
17088
55387
60712
8805
17052
61577
36973
30182
51550
55135
53416
63610
61902
37855
17699
8048
8986
49993
60629
37157
64589
32091
40292
3195
47284
21657
14181
42831
29509
2258
50128
43368
52066
16377
7155
33205
32905
38926
24783
28114
47795
4556
21277
11996
12398
17058
27829
39370
21531
5212
35583
38034
32160
47815
41880
2451
60107
64193
59764
4871
39431
65276
29397
44228
55709
7532
26434
34407
60668
21695
28204
27797
28009
32842
42794
16997
6507
41322
56697
19750
29101
64152
43408
29144
50038
23747
41669
16257
62395
17207
18394
14853
35350
19011
37788
47121
9501
35613
7095
32958
22884
19585
22202
49983
53937
54230
43517
15904
62873
894
60845
60382
33980
33018
17849
30855
55465
35414
14119
60299
31470
47536
56553
61374
37594
53613
33325
51459
20829
48196
11461
47727
4936
55950
12271
53834
14392
12680
30633
15156
64025
58947
58569
29547
29761
6306
1838
42822
7742
24320
7073
2432
44255
50025
35175
6674
808
62336
4859
12136
23677
62587
49613
49236
48245
37978
6013
14504
60441
6855
37242
8870
43976
53672
63213
7717
57657
13980
22103
44744
53694
26949
17969
61094
39112
31944
58685
4078
35602
51746
31963
48918
48109
60185
48975
3833
18500
44151
21744
38647
64308
27770
59478
30048
60687
59138
25425
34748
50875
61312
19747
38855
30906
12981
53353
14996
24120
3212
6038
12280
29947
24140
15573
24702
31430
12934
25997
1505
43213
63159
44711
45172
12613
16631
44215
60100
35858
6993
45485
14124
56031
61204
6799
48760
23003
65326
38666
51635
23269
12899
56095
33973
12277
37108
35998
25490
59798
57835
60168
39255
52010
21563
62912
27098
36660
64046
61169
53970
53728
63337
39832
1911
38653
41841
47990
48152
55394
52623
60430
37709
18115
22351
20492
218
16437
43874
28051
54720
13928
42752
20709
23515
51279
3181
36358
4837
37033
12731
9816
10340
44936
23982
11870
21607
18203
62520
40080
57730
35686
21503
1548
45748
4392
21542
64617
22442
43704
29025
32249
32503
35036
17265
49789
16507
28527
59341
59715
60094
5633
20656
55588
2049
56538
54870
42339
13494
43918
28000
47401
108
21430
40622
54393
63941
50870
8977
27208
53037
11674
44468
30241
44208
38877
43680
1812
9039
52207
3425
38667
2442
64947
16648
45386
22472
28365
61678
23628
550
15130
27908
50538
25066
31064
52407
22017
15752
62573
4286
33223
54434
32613
45440
16294
28791
11374
12934
4249
43899
28494
4466
1181
64653
18649
19682
64817
48
13362
22350
51176
55521
60586
43404
38621
53522
57740
25140
59453
51426
46609
5397
18547
50865
12290
60655
32542
33846
57161
1496
46222
23916
18113
61829
4852
40287
37508
3331
56340
33852
3765
21055
41234
32494
21139
833
25825
16792
36208
54657
61834
56507
4657
60969
60264
59041
25554
7370
10761
6110
63134
19363
36837
60505
58075
34062
34138
49834
25667
23000
12095
30958
38519
27653
25016
29921
52406
8827
44037
6719
37114
14060
8723
23049
11282
803
55747
38779
52608
42615
806
36836
46567
25080
27522
19966
48126
41491
19782
45126
11205
22768
6627
50593
45145
35402
57829
13338
60878
8860
112
51196
20615
35062
3777
59792
28777
25586
3250
27901
14777
44939
52971
35596
4213
48798
35898
35872
33229
38269
44308
50404
14854
52491
38095
44465
63118
35289
49997
19945
28269
6682
11451
44201
12502
63285
4475
51394
28602
27664
9675
27278
54490
30488
37327
37285
27504
62224
37685
41856
51324
34055
5644
55648
32250
4810
29482
47699
8757
25540
42283
12770
23266
12214
36636
17178
31490
42272
63818
44443
44963
13509
57644
13241
23961
45373
60560
9644
57262
14509
63905
51549
23163
51412
40568
17638
28262
25318
54345
11432
38359
23832
16432
18474
51063
15591
17012
56113
48829
54369
18369
12983
43071
50144
35392
59086
48039
59451
33548
5181
64722
26170
24929
57608
57568
32338
24636
28223
32455
7814
23842
54965
2089
14436
59003
4501
10060
14704
51491
23865
2736
37188
17778
11749
5454
26146
44349
1304
17284
33862
38280
33691
45785
52407
45875
14439
29506
7649
64474
48526
35592
10132
31306
14841
40582
49049
57605
29035
67
17918
16734
30189
37408
61984
36091
30333
988
32511
28840
18180
35872
45258
45515
57182
54757
53165
59732
20776
49841
37333
37136
60072
53418
6567
10441
35112
13929
23508
44628
40021
26409
26876
45913
31930
6627
12262
25762
28219
62164
24996
54610
8155
44186
38470
24893
11173
37871
20514
14515
3965
28752
4307
29281
45083
39259
49088
33779
50404
38150
36655
48012
8491
18640
55058
37562
42071
11775
5989
20241
26395
1916
19541
13002
9996
36858
1720
43418
60203
8851
6747
55243
7390
14384
31288
14165
14432
43965
32349
60614
60074
55924
35199
7401
46780
35518
11179
39892
19796
5447
16356
19045
28329
51186
43279
54403
63209
47655
20831
47608
33835
60848
20584
4881
49790
39683
44160
28684
35783
63564
46371
42595
11770
38720
23896
51106
51970
36568
48950
51515
6190
48449
28133
49642
24548
53191
16222
39457
32184
4199
50976
10737
39790
50620
30647
39700
58292
14207
62344
61549
13455
20446
31657
30098
31876
46229
51054
13349
10525
63277
33902
6851
14687
50748
64723
58089
41610
24813
51335
7882
62331
56308
7603
18838
60716
60048
46992
18890
62388
11936
24758
33144
46723
32589
23141
55109
59864
33804
61915
32405
26055
10161
3819
129
4993
65370
61345
26208
55785
39645
5094
11094
55401
2065
24741
48447
58695
43786
62315
8786
21256
3667
11686
56039
48348
48721
26789
58846
20237
51206
37395
29170
20708
52541
62616
5721
1764
1733
22529
17442
26279
42138
7921
11693
3811
9199
56447
48711
43314
39536
51237
40956
35921
29715
5148
54725
28704
53383
18837
63189
55025
12155
58877
18715
46389
22367
43995
2590
19772
19899
10629
11676
46553
47708
44335
64093
2607
57529
64523
56354
48844
11899
29457
60279
39787
14977
5756
45196
14214
43013
932
37901
17227
23713
6053
18250
62937
49973
37769
27968
12541
51495
6036
52664
1847
39240
61876
55855
36995
7522
12329
64642
31738
54853
39652
23954
55725
22851
51201
142
42380
5803
1725
58044
21374
33143
39768
61884
61355
35920
40118
10743
47097
18304
45477
44790
27399
60614
19504
14015
38661
57614
11482
8715
6722
52771
35942
9290
886
40278
6872
24958
17213
50564
4902
31649
48589
27065
18987
61055
21961
11672
29320
47200
26337
20108
44335
42360
28967
64864
24313
15534
30797
52497
27274
26833
56289
21805
46834
59079
21810
57657
59005
21865
61757
56606
4321
47857
47398
14123
51559
65125
34296
37472
32590
58890
15045
61934
1296
32930
21953
24351
35092
38191
48032
41679
10635
23929
5560
18338
50979
13070
22901
25372
43359
34417
12972
53045
43930
37924
38183
21764
57728
56462
27571
61597
9959
21010
620
57797
40791
62816
62375
13132
46262
26273
65416
51423
39756
2452
49776
28223
46793
32470
46785
7010
8692
19625
35344
8346
29891
12362
51053
19918
17496
59840
27697
48144
29911
21789
24880
38355
6273
24357
44136
1097
53025
49601
65147
14440
25230
33420
19232
9533
5689
58434
19147
3660
33778
16836
50895
46725
51931
64627
47327
30877
10877
8099
27370
64591
17777
3847
8501
32549
18459
29574
62465
49119
35997
39225
19166
31041
50153
54068
49803
23195
44714
21763
22974
60421
43
13469
244
16395
61093
16505
37335
5876
31700
43672
28009
20380
53471
59015
46823
41923
18577
53833
11689
53918
59502
26047
6156
61357
4111
3767
15607
47994
3603
3203
24039
56974
55147
14644
59081
1842
33375
25718
4678
43059
14733
24121
9475
34175
6975
2014
28063
20154
17350
51846
62453
62144
17352
12810
34088
32815
23554
60634
40395
17072
38225
18644
41891
16606
33333
1386
63314
44239
7919
2225
33950
58734
30077
40490
24060
4372
2927
25565
18860
64920
61580
6782
5977
2582
62152
30846
45415
47602
18316
29460
44285
58209
44614
45035
45865
50085
45604
62579
48355
19764
62911
43704
28244
48839
63782
12783
58127
54647
11095
10512
40099
56976
13110
28100
63642
58952
22769
63029
49245
42986
35901
22661
26260
15027
22763
50756
41720
43689
57526
19283
12734
13467
34307
25593
30342
38480
61471
44656
43121
56638
20221
57039
61845
54838
45067
46365
63883
33688
51637
57850
19830
410
64034
37622
27677
49246
23379
24252
63729
41569
2032
45646
12672
46513
23695
58774
55434
13410
62235
52254
44720
33532
27839
27093
57019
29874
55141
3184
53036
64792
21447
14894
41681
48490
19747
12136
34939
1008
37297
42099
62569
26481
62191
49792
19528
57185
4094
65130
41472
27790
48439
59532
34970
4161
50819
19818
35191
40113
23203
47169
26076
22412
12898
27499
47454
56727
50450
41790
38431
54607
56475
24318
34237
5788
22560
25465
59026
26934
31579
64823
7415
1565
7791
60734
52296
36252
58181
11834
49462
53336
9577
50407
32682
57998
42785
54449
36881
22107
20337
30802
64019
62673
820
51239
59607
23121
58878
54379
43965
41713
43981
23420
45512
25097
23463
57742
59279
47641
14414
4198
43303
46383
6259
64553
492
44524
44264
8070
48269
20743
29327
472
33513
47782
11897
22040
64644
2308
22069
47716
15601
35674
24170
5684
47616
5148
18735
34991
56022
52057
23106
10960
25896
58203
40848
30165
52114
9632
41191
61068
43065
34140
17437
50316
17720
23409
23795
57052
26261
40140
25572
58011
25401
61691
57994
55309
25130
27796
39604
14069
9914
1310
56567
40047
1679
12435
64429
60978
9649
21034
41241
10987
33875
12218
62089
27917
4721
5879
46604
64873
52066
13410
28328
2269
58091
30685
3300
5479
45871
1941
12763
36118
15700
32284
24296
23755
50656
38245
27923
45808
58189
42553
24481
59040
21184
50028
35944
42949
44916
12093
14247
10269
13847
8776
36790
32049
32994
5979
5539
42971
12459
15000
9008
55662
48268
10584
36589
45807
48297
61346
55813
51531
55017
19231
46846
58734
18481
598
1887
63467
21989
63543
56947
17274
32109
56283
51787
62499
64410
8869
53130
25549
24713
55104
38512
1155
15651
23389
63917
33039
4330
33663
60624
46614
5688
15838
43417
25738
25865
59690
16658
18191
26991
5802
19877
12709
15498
57671
41381
7318
48046
42767
164
17579
4410
26931
9531
53059
64021
17733
30237
32746
32861
42842
34000
37106
4904
13238
53396
39505
50986
16491
16852
34719
695
49731
47828
37995
27054
31973
22809
44963
221
5243
57611
53500
58925
30684
37208
46644
54333
59226
46430
17008
15285
56851
21696
20770
21196
55501
37462
13783
25277
59976
19972
405
13360
63350
47363
41579
31168
6948
49293
42030
59658
18703
4920
63349
35957
139
52397
34759
45193
5456
5655
54966
19662
52865
50072
29978
59178
24231
48896
21877
15703
43220
5770
56111
53886
59516
13260
13746
24770
40948
56035
55602
25853
49723
44029
43075
62945
2260
10058
42077
4754
40955
48774
61676
23920
5515
18530
58874
36574
28282
55891
15408
31592
61970
19541
26405
61649
27517
24361
13419
63593
3829
46595
40975
42449
31224
13843
64581
43699
21343
436
63053
57863
25911
38200
23753
2673
62641
738
38342
6887
8362
50706
23323
39354
7250
7643
45655
65525
32146
5100
40807
21789
4943
57545
32357
61075
33915
13871
36113
10267
55317
27978
10249
51126
56754
31265
42577
64807
16749
22377
34125
36824
47868
48514
37425
20075
37374
42162
28792
11145
57916
4643
64619
2103
64183
7359
2310
4920
25709
12512
51680
22117
26009
19941
54019
8321
7674
27022
5898
20934
9175
61902
16151
11359
48353
8988
9907
60599
17419
30874
1516
30885
17342
31762
27161
29082
21032
54953
54395
8348
50067
35560
21984
46750
61484
31554
14546
38571
6540
39442
39536
8250
38586
8564
62335
36506
62115
29894
45579
12899
42264
18404
25240
23229
41414
33596
217
11934
28333
14368
41955
3073
31863
32401
18845
43938
19127
470
57714
22478
26186
38654
10024
49038
34028
43372
59832
44409
53532
19893
13330
17593
48220
39839
5246
62183
45081
52148
58844
60645
38303
43763
43407
19324
54555
34811
22058
17685
52330
62562
31847
38387
51322
26887
63563
63753
8693
65197
42451
56614
31369
34805
9367
10508
44798
35224
44564
32120
32570
22249
45396
1937
46855
23199
8031
16335
53906
20976
24173
4637
60138
10115
44016
47777
58168
21940
32131
34897
5053
47822
19718
63204
57649
51704
17553
59317
45243
46003
51532
40945
28036
15513
8846
7282
53342
16218
22015
26347
65423
40089
19856
28820
19913
30016
48917
26965
49985
9448
56290
50603
4750
7997
33983
34208
34020
53574
588
14462
19313
13307
9897
93
34345
44523
62102
29359
137
46139
56192
56024
48296
45427
61451
433
32039
1731
19030
41202
52188
51185
17714
65449
23788
34200
51415
59193
35397
51978
21841
4738
3295
14338
18929
3415
48110
34023
7420
15489
52725
21838
8625
29421
25786
42472
31563
17712
26039
36139
7714
50154
18362
49230
63641
30652
34233
29570
60809
42884
58053
19624
30860
9682
17165
40415
40965
6173
21427
34081
5528
387
48923
21837
46279
40123
15588
3898
1413
33856
35811
51356
5078
64966
37694
59112
44410
43281
8674
589
11264
29137
27430
36822
50862
10224
3999
63936
28749
25316
30092
65049
22030
54871
23365
17061
4511
20694
36844
39685
64177
23162
32186
2750
11986
51246
26194
40839
25909
18154
20556
11588
48105
51803
26653
27465
4867
62272
44305
30266
46806
54186
27210
17988
40788
64322
6847
57086
46107
22231
37195
29884
16708
40226
14922
26868
14803
8864
33263
12409
7729
44101
21405
51306
10369
38704
4128
31124
65036
48553
14379
7610
10186
44050
6551
8577
1537
38041
61111
23445
62476
22892
47517
34542
64828
37199
65018
61503
13204
35534
16046
50430
23607
53739
13379
26985
34675
23141
16132
53537
17526
45055
50682
45910
20097
50232
47606
51328
7950
10056
19515
10756
27177
16049
13043
37051
55426
13915
25790
47594
44830
26432
44813
24097
32491
41457
8219
31633
43648
44048
23747
65506
44689
61827
37904
28797
22918
10161
42553
53853
35234
35114
57075
11043
45023
5398
16989
26944
21207
63644
53466
1115
38361
65209
51250
14702
32955
24968
15139
22444
42732
53598
62264
55109
55798
37057
26753
62552
46409
49603
64455
16144
13390
24117
9050
39088
57975
52032
864
55104
40122
19421
53677
20368
65058
16374
22690
8083
37195
51429
16166
20622
41201
52036
60174
56575
64709
58523
5376
57000
23243
38805
11651
15107
13786
49735
56296
2096
48122
39619
53407
28830
60927
40360
16418
16947
38913
29155
58744
19340
9861
2468
3955
34883
40239
34596
6369
13211
37283
50499
44630
35847
50370
13131
50377
12946
29684
51973
5391
22595
33454
39572
53594
23503
25557
41149
7330
23368
24435
32278
0
11076
33501
18792
45957
4940
51821
41382
10271
21068
44997
29609
503
63833
4011
59843
29910
31162
14252
30728
15071
58486
53044
47165
29620
52230
40082
43743
14845
44544
26295
53246
42192
865
60655
19748
64145
25907
4727
57290
26246
33916
52811
28272
28284
60480
17773
19632
18475
24210
20113
8869
28070
45332
29777
49036
63467
52008
45979
31445
49404
12469
50209
59710
43666
43633
6531
31186
34935
42031
24469
20115
8676
11428
59708
62535
11383
18928
8472
35355
13782
9250
59680
22828
42479
21829
14447
39162
29156
58051
12970
30750
20328
56347
29250
7452
50390
40604
11172
31940
59840
58616
58401
13610
65059
25087
22899
54125
21229
12180
39307
6199
17762
45631
40688
4674
42263
42355
23809
28452
16121
46320
27532
14127
50232
52321
22363
8509
61525
46659
14488
19852
21777
55743
34655
52640
38899
24303
54171
32885
58224
62821
6566
9258
19266
7923
44105
9793
23345
32916
44525
48781
56432
62060
54731
21452
58700
22778
28055
65477
31374
48919
46387
2741
38188
18508
27293
55399
50528
15751
9354
19475
45383
471
58596
51072
63842
24143
3993
34286
14325
37391
11170
55060
20155
45290
25692
33118
52947
32242
622
42391
26244
59837
48380
5725
60265
37279
63837
16556
25173
19703
54140
32848
59856
3064
28716
16365
39209
46077
37211
23293
53120
53630
41307
25098
33225
15305
30319
35332
47844
52420
62510
28579
59877
37096
8914
32623
34970
10279
8610
42744
14030
26762
27853
18326
9528
27303
35375
45213
21932
19323
57812
27763
50121
33253
58975
38251
65352
40925
12623
11440
3126
14678
76
65102
31409
4855
64020
13961
61841
18666
59822
49461
15064
60341
51637
59358
18139
58002
32494
43985
58279
53345
10725
15168
4521
24718
40287
25597
60024
58445
62344
56532
26763
54231
2968
43292
24849
4708
58109
63184
58173
21842
46667
8942
22128
58556
9387
47334
58705
9591
15777
18148
22413
43642
39126
43553
8836
60631
27643
50878
18450
9659
1716
25759
15107
1044
20817
24313
60995
60753
59915
4400
49256
30157
13623
45181
33186
17082
22286
49541
46464
51440
32466
62702
61209
25696
45067
63108
31598
12291
52741
39375
14930
21785
58717
38996
36462
32485
38169
48588
60826
29566
319
54544
44582
45891
18326
22490
35766
24954
11623
7841
13187
43696
6296
38636
30782
19287
25014
39290
49429
18332
31530
57778
62352
46667
18650
19083
55973
54089
3891
31999
11070
1708
63112
60071
64884
46373
3842
11909
18678
28306
7305
3204
33639
62090
46114
15050
9099
8345
38970
10483
16400
54021
23928
52916
22543
52715
65246
33177
19236
20835
53383
2875
17979
59369
47991
39595
37914
41166
57395
45209
22351
13876
47271
39203
1441
1155
63879
4411
35244
4086
5443
6103
17358
30778
4380
53173
37532
16475
42649
13091
23359
65041
55495
46431
11311
58350
6548
64062
24654
25441
30736
438
15536
33374
57131
29389
2547
2869
31911
31155
7543
59448
61056
48355
25812
33476
830
11847
49577
22228
19183
63118
56886
25799
36841
15663
29313
40219
10112
37552
34560
19480
21886
20610
30863
63837
64517
15695
21207
10346
18013
9398
32840
43040
13106
52284
5917
59838
55768
16484
54243
53660
30651
45306
63439
50534
28174
21097
23438
8634
20459
33447
49388
38353
19541
49771
53187
20654
40089
10915
37731
52462
48170
38212
33069
53221
16862
25283
12256
45962
3563
15601
21095
44867
54065
14693
29322
27067
39244
41420
62529
64661
19545
52170
51454
10718
4730
1916
43720
54831
42531
58346
37835
22405
22719
39184
37381
11832
38233
6370
43744
28949
14496
45094
33388
56329
24830
45221
216
55849
51709
53443
26498
51251
15203
18957
8946
10578
56657
12856
23275
9029
27179
54532
26021
22572
13043
15307
63387
45634
21203
58177
33941
54034
33202
8638
14385
28893
10564
58603
18624
4178
15851
26998
27884
15241
47690
17894
21799
55337
55870
410
50864
17087
47654
22868
23030
44343
20726
24128
50623
2022
22022
27324
10279
37332
34225
3625
2820
34711
9687
29100
28632
45969
45498
2426
27779
19923
22024
58359
19307
37541
12343
12576
47691
14716
60305
1125
36560
8141
54571
45156
52591
14731
53680
32444
37776
42894
19121
54416
60202
29026
47050
7099
53650
14521
21672
40461
28600
13385
20824
26829
14069
24989
35613
42629
46492
32010
20151
43372
62231
6625
27240
43797
12874
21596
60909
58623
24016
26753
29499
58271
4920
22819
61992
19671
26398
52524
45125
33489
62391
21713
16617
32075
26493
12939
59061
24107
1033
25077
49275
49665
44375
50198
37461
18565
46383
49680
8693
5344
33182
3600
55880
9116
48919
28703
35968
54182
28405
11954
26726
11505
63087
59035
41705
13726
17301
22554
59400
20293
38002
37235
25442
8070
35547
45257
25707
38427
44155
49211
48208
53514
21636
33921
41267
36834
55073
8497
36226
62453
48026
3132
26479
63615
34167
21807
36885
14210
48584
13371
4360
14817
54544
13756
6936
17144
29043
63778
54835
24284
33791
63232
44802
59731
28426
35395
50366
61081
48203
12474
44655
32109
43751
54922
42533
11279
51554
40473
36825
33611
15724
28981
18987
21795
30039
63256
5709
7443
34495
20049
2672
25508
42953
28701
36111
49232
6274
6056
56280
14219
38264
21727
19588
348
57086
24315
20641
13698
23814
15467
38360
10813
31405
56062
27428
16006
25826
33976
46735
49755
50886
45660
54529
19646
27194
49447
43402
31961
60845
12220
60601
46156
62384
46732
19051
64023
59157
38266
48613
57588
33901
46570
40163
62073
42702
17190
17427
20039
50493
19159
63073
17227
9099
14121
62388
13684
18507
27992
51040
30002
12856
5822
35955
32259
57735
18484
39381
21277
65187
62086
57542
1861
3316
28317
19113
44197
37682
61277
20240
49680
56709
58463
9874
17875
4723
10593
19867
46413
30602
10381
63542
28622
47494
20254
29066
13662
45686
51577
44478
48047
38052
48053
35610
62799
9244
62380
6456
4563
55370
17432
44833
42307
2188
32798
59215
59429
6493
3442
32084
11496
25818
17454
52151
36281
25851
26006
42610
64108
41121
169
29907
58662
6356
42418
28989
49206
62255
2321
33376
53517
43913
50942
63013
40162
35700
47372
31255
13477
50338
35178
61761
62326
21377
33585
19181
52257
47863
36454
1658
32053
37964
33703
33732
2775
50037
35153
26837
12153
8935
58230
19090
39295
42231
34992
20722
40438
63892
19286
44441
7661
7740
27174
25301
33861
7273
2652
12567
58870
55336
10019
26482
44940
8734
7887
41443
35976
51073
5808
47225
18175
30008
24469
27883
50466
23207
21869
24049
40984
9796
19224
40353
24827
44637
46002
4394
63551
60156
2050
41706
11773
15984
19252
30373
49299
27703
62062
25668
10306
22130
60561
36320
6963
54673
7228
38181
21339
58533
8743
23566
1027
1063
49496
29654
18613
28365
16462
55106
22480
36905
29955
27319
53480
27679
35336
49391
27650
49739
43858
12100
14340
4632
13131
43935
13665
41039
7369
50501
54116
31196
44019
35827
57937
56513
42813
24421
17229
63328
61057
30840
11528
41697
60332
65046
1728
63094
22588
34345
34134
40248
65225
13480
50610
55273
8810
47422
56275
5952
64157
16533
6655
7989
32138
21844
17488
47799
45247
43682
11176
42122
26078
13874
6627
20142
26303
16058
41958
46854
37470
6785
42124
25340
26716
22835
47557
6117
63495
28248
46814
1048
44624
28281
4720
2839
53276
12212
44900
24963
23753
44599
44043
48874
41933
24010
45328
39060
6819
3495
33951
60761
2198
43608
4786
39900
45503
31086
48371
7654
46462
28410
31867
37288
537
54086
20792
5694
32043
51287
22822
32739
59513
4090
59091
58478
65043
7503
8104
16425
54645
25858
20296
19960
755
37029
27447
42702
2139
34377
60089
10718
58801
36546
18543
3034
51097
20777
16567
47029
40072
14159
50494
39647
42095
42347
37612
2815
26280
31699
24792
50904
9599
55154
21632
63610
5009
54550
40396
9748
25220
22180
49441
13670
18200
9586
36658
28952
26695
51073
2199
41709
30246
60715
39284
13331
4431
21099
12901
41026
61381
21018
56527
34762
28906
55947
2045
34907
49668
43543
3344
64756
15219
8862
13212
20854
3481
41484
56444
30085
59670
39929
26598
28934
26471
22029
56153
10355
30370
25096
30734
21614
57479
13104
25686
44076
42458
29010
55262
17807
43982
47346
18340
52017
6238
29890
12767
12366
11378
21236
59973
5917
21706
50752
3454
49271
22051
27202
33253
50794
44320
17269
10329
63700
36320
59956
7753
20309
61550
59482
53424
1860
8353
34816
20714
6816
43217
18479
38926
23431
38474
33634
39079
54705
55664
1327
18204
12825
57935
43159
16855
58726
35993
3483
49969
21377
4829
37234
40343
25141
14189
50988
35154
40899
20861
61831
5021
29618
56078
53322
26455
57169
62810
21874
23546
3548
43086
17418
51924
18229
18416
934
54849
11287
50411
54817
52569
40357
39159
38837
64677
22755
48985
53294
20571
37573
53998
446
26237
30882
21480
18722
1106
21580
55863
48725
54384
42721
26465
34528
10803
37342
15760
65368
20330
33796
51207
36830
45888
54835
51224
42030
11970
1182
50001
63193
52681
59871
54324
35798
33170
32997
42965
17178
38046
36466
3368
12157
51615
62790
31110
17117
40919
51292
3201
27631
4818
13076
15628
32823
61365
11668
44006
30215
9836
18462
49377
1141
37256
13742
30569
21407
17116
64823
18884
1944
17931
36852
43837
6251
11015
14133
5567
31317
15614
11194
64009
1247
60328
41112
56931
40413
18469
14715
53258
45749
50706
16703
23970
2864
49925
39069
32583
50386
43562
55755
50300
4976
47740
23380
15402
46270
15356
5473
37333
63827
54427
62561
52294
51580
22978
48439
49745
63288
21863
57763
8981
58140
7151
22045
50719
45050
52794
15419
34624
23281
8668
15119
43202
34690
10220
57791
60228
4404
18077
65428
19988
6667
6394
61540
44795
55172
16126
39505
61593
5217
41266
59389
40187
62357
55754
43705
7106
21539
12564
10695
33340
44177
30535
64218
28347
33062
32693
8415
52373
65262
43425
4104
8459
53660
22189
21789
29143
330
22893
41246
15147
32004
51385
51391
26576
47524
49795
27355
34300
39930
62744
15029
22758
8381
47107
7834
38783
53953
2512
47027
33327
50822
8721
46064
6032
31143
44452
9804
56265
7056
30965
61802
34149
18468
43831
6493
37140
63186
63461
65078
14094
49964
45142
25399
33235
53108
64870
6004
56368
26440
65156
31019
63273
10792
4299
4741
34071
59762
39415
36061
2368
738
63500
18569
23982
13934
43525
44894
52776
53776
58311
59063
13563
56812
28919
7898
52231
24623
55706
36974
59419
3585
36026
10059
39058
37626
30520
61607
5246
44429
28487
65323
64825
35506
57277
43679
32553
39679
51746
10443
62337
50236
41926
36170
4298
34761
45609
49879
25898
45532
28228
50335
32140
15816
45693
4957
51727
62883
33616
42208
36639
5360
7611
18042
58279
54430
8435
18394
48260
9696
43339
8088
32429
59867
13336
23504
14707
55733
29183
26034
14497
43246
58921
1474
55401
685
47948
62153
38448
14407
12923
46795
23698
12501
41437
26006
39949
56198
51847
29759
46745
39323
23693
57682
9326
52012
60842
10487
38951
17792
43374
60939
11244
9906
53784
58536
29057
14317
56697
6750
27761
46088
9995
60193
32578
1460
28125
29749
53341
29352
40216
60755
23908
37091
40183
47646
11173
31048
62223
30301
31973
3156
46712
23328
40924
61463
7795
4080
6927
65024
22132
60878
56248
49082
53105
45247
20955
22010
38255
46580
12504
32915
41579
9679
52669
996
55889
28151
59731
63472
60779
5686
37199
13933
23224
52517
2715
9006
32469
39114
49465
31613
38280
31645
42236
62782
3523
61745
49987
32949
334
28207
9211
52567
22528
13501
3251
60588
14752
46661
35894
9840
3326
40562
14543
14820
55194
35979
63870
11098
25782
23722
38498
27518
7801
37181
42421
54476
53147
38440
18609
40867
21840
39130
41622
37735
41942
4836
50721
26059
9967
12344
37692
62997
4193
50277
28321
27904
25283
49306
34236
35435
9301
60717
23180
59402
19379
60502
25091
17176
60253
64148
48111
32654
61608
28961
54184
36808
7801
10417
3021
13944
16198
47695
6021
46439
2209
46029
46550
34605
43150
41388
50501
32575
18067
25410
19868
37803
9243
29452
42630
40426
41078
53398
64742
18333
7018
60464
8319
53144
194
7916
2388
30055
61019
52981
24398
24082
34891
10914
6842
9958
44329
8199
8821
43061
25135
11098
61332
51864
6279
34812
45071
48214
63066
14698
20436
9417
20243
51599
36564
50766
15219
1083
34623
31944
46985
59235
61112
36655
28948
47726
9046
18493
61382
47524
20491
23143
24558
59394
55833
62756
49244
48180
19591
20044
34686
27310
17768
40965
4984
24478
35675
37375
14262
10535
36430
47081
18604
5873
44241
25956
59467
47911
55648
49729
60295
60044
21353
12371
19309
57978
35819
35486
8253
47981
1803
8424
38770
13505
8110
38749
26746
15083
23262
17605
24652
25586
20070
44611
42960
26184
20020
60678
23002
24112
56763
42160
60052
54935
55423
53509
15615
33009
15682
7572
28942
14337
51977
12182
51987
10871
61742
22019
10252
13181
49308
14703
49263
8460
54345
30878
35816
28670
1361
40447
54486
65020
51353
43743
15479
24296
45135
18552
19157
23504
35849
52767
23933
25269
13424
13348
25905
46625
16672
65251
63877
40710
46398
36234
11010
37626
19970
18130
64105
56986
55753
6760
38134
36384
42612
30290
28485
41768
59689
18402
59874
45122
10222
6559
54709
10180
52380
59751
13
16561
60951
43806
8293
49301
64720
7392
51780
56687
46925
48250
37876
21385
5029
40931
3679
6739
55154
45398
63244
27389
59345
53365
48254
58240
13363
60936
17632
61813
8307
21852
22958
62933
2383
50150
61168
24289
51050
58901
760
49190
62595
8717
4739
22102
13442
1307
40161
8800
49708
23223
16953
49424
1402
12709
36041
36146
50878
36920
14294
37911
1560
23481
28289
3187
48463
37917
18270
46672
20584
47583
52362
57739
40931
15214
30849
17419
52681
28832
3843
37644
16154
49540
49750
11310
13587
114
65373
50635
65245
16450
10227
64164
33157
47620
8385
58625
63241
58000
5881
27229
55380
10857
19888
54675
2539
40907
57688
33366
759
51143
20031
16448
229
35658
47709
54344
13006
43261
36233
25530
58047
19010
61601
27038
39247
62494
15469
42421
14756
17223
28230
18834
36308
20065
36352
62500
24502
26395
4509
33424
65285
433
58134
39853
59611
4259
41171
61993
39664
32998
51555
42733
59431
50829
44439
15054
53074
30188
36102
24469
60289
957
10456
11494
16360
53341
6644
49843
23393
64428
41641
26761
29712
61409
4639
25521
15975
58204
29569
4836
50694
7055
968
64338
42201
46133
57876
11975
13770
15385
52680
51996
34622
45883
48017
34127
42559
13452
16272
18757
43380
46680
12152
35022
55717
42520
28045
11621
54645
31777
47648
62307
65171
29857
64229
41073
14948
46928
17221
19010
28432
22731
19457
49135
29004
2614
18637
13387
6564
64431
29318
15915
58796
9408
36468
41608
45300
31973
29932
25721
6257
23175
37851
39957
7494
57813
17355
56626
9082
10604
17450
23762
36871
8663
58932
18081
53096
9559
41297
14739
26165
8598
57999
14488
23455
32128
53506
30801
51844
64052
17399
9932
34074
37035
9378
33063
805
11367
9041
35763
14215
39912
1530
25496
7272
3866
45153
58209
5072
2137
8071
32557
17207
27596
19292
15507
3104
42012
2472
10786
41191
19791
13759
20893
45783
21264
47837
24642
25041
29258
17869
63830
59675
59525
41287
22205
37490
54570
33827
54603
28342
2681
11667
61639
24354
25038
44203
33234
48445
6819
19070
47618
61393
33603
16852
19274
24031
35547
9741
34681
36469
930
5987
24019
53144
10008
64492
40498
21422
44346
46412
52949
5413
45069
26773
27277
21575
9797
39713
3510
63361
15529
49395
13238
40956
43261
26106
25596
62789
935
26921
45309
5949
45340
56513
12794
59982
41576
4260
53343
62002
40708
58287
18534
16693
8269
24554
57199
47402
29044
33118
29769
6257
16593
63705
11144
20033
12422
19754
32144
26830
46447
25686
57622
50811
255
63777
10528
20554
51943
2818
52161
34919
5240
44090
31374
55290
59075
3239
22202
3627
65021
40260
48271
16284
27938
7008
14724
65483
16095
63909
42206
7310
54302
8523
16351
35149
25794
50743
3579
57151
2569
46300
33784
32025
55756
19150
3234
37796
33358
9572
43437
4733
52199
37203
2897
24612
24630
62808
57492
23699
33489
60923
64197
23472
29283
24864
26898
22389
824
63015
10813
50003
5407
22418
50278
42354
11419
13025
3645
27759
36887
10703
58908
35997
4999
541
39943
65112
58626
44848
60609
7441
15939
32323
25515
33225
29379
41213
57246
33563
8591
58310
20975
14807
39691
9430
5649
56445
7745
59439
32186
61473
35701
31850
63403
62629
11235
37256
43113
24618
52938
42328
13406
59189
4947
34011
11104
54901
65361
49713
61874
8353
10086
395
3179
50633
16338
55809
7830
44881
42706
63999
9426
6993
21728
34188
63968
20580
59458
20653
47489
20524
62649
2622
41235
27884
64162
42093
45254
20838
36473
16140
62927
15734
54577
41200
59374
50933
24908
58839
6099
29026
5714
20245
48590
27766
1246
47386
43339
9273
36786
21532
26098
31142
21004
47228
26357
10098
26787
34673
64523
29475
18488
41241
14272
10420
10714
45410
32556
29064
30291
3854
54426
21633
17441
58032
55810
7409
30463
49295
64391
31342
24912
4486
26512
27394
8269
10390
17264
12338
49914
12066
57418
39452
62358
63417
48926
38134
33067
42967
58117
2016
13478
5168
50091
55245
62756
44601
50663
58197
12883
51660
14124
33962
61047
56104
15862
24370
57543
28935
49663
39016
52210
54694
28015
55726
24243
20081
6111
12363
60999
62966
45047
11001
33306
36460
63629
48329
61635
23373
65361
11800
58781
5660
37436
12852
44940
32052
16032
64753
17070
61426
41575
11213
30695
33899
57500
7454
29751
10280
60310
60686
1123
15435
8817
53818
29550
6294
37258
40155
49628
56431
40872
47791
16090
38311
41600
8080
12909
49805
61134
29341
18419
26550
10138
38390
49938
27930
33410
50155
65092
36547
2188
38756
16182
56390
2567
410
8082
55177
3040
36251
22663
402
48454
59304
45030
4988
37858
45369
36878
35769
63641
43276
26386
58235
13634
23411
24642
18565
6209
50931
52145
7395
25858
64778
12925
21270
29963
47713
57482
37478
25758
44244
32707
41626
51936
50640
36331
30792
32252
22280
10480
55904
47194
3777
29386
45541
63476
12953
38579
17904
62488
42602
30973
43091
16445
16772
42226
35544
53140
46968
15661
10991
28307
26987
30145
28066
36492
55314
6777
33062
63310
65337
51333
53674
59680
43626
37914
29162
27728
57436
34783
63151
33605
39179
10903
48195
51258
53014
5597
27009
28261
35265
1213
38814
3230
27902
60429
56158
46188
23945
31780
41529
60776
17114
59497
30010
3933
52276
49186
17723
28939
13564
174
25863
64406
64035
25634
52280
984
15943
3149
10927
56754
52326
25532
21654
50497
26084
4007
64416
34694
18311
46321
9067
13912
41076
30095
7909
33257
26021
59066
11426
9495
58609
64622
5002
24852
25222
7981
58730
6797
42897
50441
20542
26429
46813
44976
10575
22641
16268
8776
6351
7337
25195
1851
45740
50669
42869
60373
8499
62089
36652
29056
55597
18457
5889
65145
8143
49292
11497
60795
30128
33340
50068
10043
40657
9076
25823
53731
36041
31697
30628
33035
16212
1604
64069
9190
32750
55837
24456
41106
28988
56399
39987
35889
55843
25999
48473
27732
24498
7664
18855
37187
17535
64477
26010
29490
52081
9200
46123
38832
28726
53172
38593
16595
13798
61383
15190
32516
14268
38129
32612
29193
35094
15521
4334
27672
62312
62983
25752
65021
22967
41108
63695
26939
2545
41166
49470
25298
58673
7476
22207
40691
60467
14307
43475
55453
50450
64929
55424
753
7204
14534
6404
18747
45383
24565
2317
26483
54234
53318
52575
14033
12655
23998
28166
48991
60458
41227
38054
53605
63716
6700
41528
4301
40206
42634
30600
4840
28178
35889
8440
18091
23937
33479
23381
11918
15105
56005
13923
6960
4741
61290
23226
48693
57811
49369
35769
22882
34342
65236
47643
57552
64586
47994
36527
16007
62128
16469
1588
48988
59747
61621
49464
48266
42633
14636
50580
35519
26221
38029
57743
14407
44283
64328
63703
36209
29008
27823
63958
4094
6407
41054
1060
49975
30320
39669
39048
36635
54201
14046
44661
25239
29645
22125
51214
10242
31575
57326
55929
19392
27497
38770
32018
45796
35130
10470
11301
61686
13698
56221
59601
30807
61785
55943
680
9560
60898
42765
65143
38568
5226
7828
3757
25396
14533
61511
21260
54663
38995
31251
19681
63911
38798
46479
54614
50130
35066
56244
23355
8951
7517
14255
52600
11640
10332
10340
61995
23138
25549
13651
38612
43392
35660
11094
10995
34508
47748
57130
8688
45311
26478
23547
27471
13141
37901
27352
35217
48205
11516
29780
64602
51623
41348
19625
62938
17629
16935
58721
63245
61129
48856
4354
40642
58985
51883
36079
45895
59806
17200
59608
51472
48775
19647
22428
32443
21891
23249
64851
64569
36923
42355
9426
41162
58082
29110
55521
24265
24175
1899
14443
51198
55756
45715
63870
10469
63285
21915
56873
60606
44948
51601
60541
24724
19351
26019
50220
175
18927
13720
44162
47976
35627
17761
57461
35839
19997
49648
34790
46509
58797
19885
53390
19916
8186
62594
46239
45750
54031
12949
11437
64269
5782
7749
40685
39691
53604
13284
34984
36790
17256
3446
54213
3239
5934
54923
59930
4886
36819
48209
61632
61898
19418
29611
25901
2858
35557
16107
60675
38602
17141
59059
48977
11478
61922
2742
4637
7353
13115
5489
30510
43107
12088
16283
60140
62940
32347
1490
15446
17679
45559
44691
3619
11713
11982
23342
25830
28156
37583
56619
18431
47451
57362
33695
20830
61023
12350
17615
20260
4382
23154
56535
49650
16648
6068
10847
5808
56763
5094
31044
19403
21125
24719
60765
3365
33115
64915
21820
47523
44774
29963
28641
31008
20578
14940
60498
27789
50304
1651
1764
64407
19689
3230
4568
52263
42354
16715
43343
26375
15127
18189
31109
51598
33068
20665
28267
37224
60439
45643
2332
59442
38233
52447
2387
4269
57761
37669
33456
53369
31882
42060
58388
42649
40611
9903
31904
40289
60374
31277
23523
19339
31606
50126
15961
65377
10833
53109
32167
1245
41760
49926
25726
50757
8068
40361
402
17543
56461
52602
42345
46126
53781
31958
42970
30356
43239
33823
11720
15581
47424
60258
4256
15473
49270
46502
14986
57403
1089
49096
42950
5234
4033
5656
35030
61727
40297
31785
31553
39704
35730
56827
25741
35652
35463
1042
62078
16893
12950
43414
38232
7448
45668
6931
20733
27399
65024
15828
46786
49248
27600
37056
6290
61026
27147
7247
13291
51308
52123
5861
47827
52344
28484
3550
26965
10883
3771
45428
39360
43094
44745
26368
11101
42681
2208
37616
51668
38367
42433
17624
42434
63620
61027
1262
18149
46748
56603
46533
3386
63271
20468
6490
10208
40337
23929
51617
60109
51058
4501
18958
7607
58117
51624
37931
58073
30020
15554
43407
30599
21401
26190
5632
21059
10906
53498
32104
27565
45478
54698
40332
34470
46940
56780
62746
12711
59437
24034
7863
9227
48116
34936
37102
41001
52356
38763
21334
8598
18980
31060
23832
40437
8255
29715
63419
9094
37535
31395
59526
20076
2625
11469
49637
58286
58348
891
42824
40864
20761
44794
18664
5849
55455
52551
9436
53231
52207
53060
55309
22663
23554
8053
36848
32502
41370
21208
56297
45938
43068
50177
54337
48871
6149
49548
56875
43388
14227
31531
54458
51036
59399
23427
7070
54683
41019
7619
13445
12449
36844
39742
29162
39432
26571
25072
42425
1751
51430
45261
25006
24133
56708
55179
8985
39641
11086
53047
27673
65281
31035
34166
36283
11305
11158
37960
3727
23968
30193
5921
18777
8365
25443
22185
2156
37202
54348
41316
58878
16379
14510
52898
48741
17705
1426
2844
14193
62513
10543
2900
58067
31901
42199
47149
35878
17471
46676
47235
57919
51866
4464
38064
65254
40221
34761
54054
31822
12387
47651
52306
6796
62543
38243
50590
7649
5237
48779
64316
49638
36408
46634
2490
26963
48527
50072
51342
27892
49960
55925
59264
52015
35375
65092
62026
26779
56545
40141
27309
24108
43095
26284
8839
60769
41311
65387
37915
3793
15907
43011
23286
20592
12599
6763
65521
47126
1953
22893
63414
41278
52682
10770
3963
8129
2573
57149
15305
57331
31192
9480
52284
15562
63201
43493
48698
16266
9828
55831
23527
23022
1396
12892
27682
8962
51843
36440
2294
45697
42291
31161
13621
18345
55203
47512
34270
55475
15271
15802
58539
38832
45485
48116
7117
43643
3581
40400
45922
40204
10114
20868
6731
54499
36881
44252
17477
57207
13337
30664
577
16061
7711
40414
21570
38860
40592
65464
5940
23392
26591
7024
61914
34333
4371
46758
44046
35977
57141
49499
40537
34680
53219
32870
27411
40751
44068
55292
12303
43124
50030
46299
51943
11375
19843
5176
46572
36112
17447
19049
138
20319
60844
6978
4133
31284
53267
53027
63738
60381
17652
31699
55921
50408
48027
26592
20076
13469
47072
11934
33682
49751
51152
36516
65349
25519
49409
30646
39936
15931
60084
37312
17345
47904
55856
13828
39721
3629
30869
54313
20185
63597
7177
54766
18462
42666
40858
48619
19725
62994
34426
32018
8856
46652
17434
33563
60679
60989
16598
17147
47390
64540
15600
52747
54927
11983
61042
63727
31651
7188
56300
29643
62334
6528
8158
30959
41321
33017
20309
15567
32989
30936
58864
34923
33371
45488
47070
44360
53475
2750
58071
12836
36492
55826
30162
49163
26404
20036
61103
28565
13716
64827
35910
12866
28382
55953
17271
15937
57096
33639
8536
33594
12255
33829
62743
18017
488
23047
2207
29071
62550
5584
40398
59915
26934
158
43519
6665
60757
23861
52474
33751
31058
6597
1301
51441
33024
60217
21139
8246
45263
21724
17701
17954
260
40085
9390
45360
15999
32214
2282
40707
6345
50329
29419
36616
52857
21696
22524
54129
40279
46640
8108
56196
55219
18700
60697
7487
40071
3515
7171
11584
51172
53714
30574
59577
32332
54769
35890
56966
51657
56735
35266
35834
34199
17592
29644
32993
41173
22079
10861
9887
28840
11260
38624
27993
8336
24705
23775
3629
3642
16799
22849
13509
35601
64834
24379
45346
26944
25416
62525
49761
16510
21662
49586
5610
54807
7551
58610
40241
29534
62092
4144
56385
42283
61955
56070
18293
23904
37106
18658
21542
53084
43105
5004
45852
64390
14695
8415
49788
60751
19610
19319
27232
6384
49322
36977
8138
50013
43933
46441
14677
56315
43341
56580
40161
43624
28060
62234
34557
20608
55571
16278
14383
54218
895
65329
10954
60781
48137
25118
61095
40242
51538
61241
58930
9215
1883
10362
34292
25237
4872
11613
3889
60543
54067
12502
32061
34787
29542
20622
15415
31853
18783
10288
60650
11379
53008
21963
47806
6063
13253
37150
11515
7201
47525
24855
44971
50458
26931
46277
51136
63558
18288
50908
52031
29829
5434
5160
12299
22128
15477
9297
34158
17966
45451
21786
58131
26780
63024
4389
6654
26594
19669
53928
58238
52954
48711
6942
8563
3119
31057
37448
50380
19272
27261
15192
30182
18354
30291
20113
25298
6350
9059
12805
5508
43172
3804
19459
62551
56751
13275
29035
46484
60760
8598
13145
31768
38494
32893
51626
38883
36313
8557
13415
47415
9081
63203
17975
26607
30235
28040
43007
38949
9571
52484
25776
12431
41973
48150
46990
35442
6692
39043
27117
50542
37826
30457
25802
10534
21284
1615
302
10225
28311
23573
44352
33919
16474
60356
11086
22544
50576
56562
16330
47787
38147
55174
2500
37616
12501
19816
55003
16229
5233
8578
11507
30549
2030
52677
53992
15654
42968
37515
59441
37295
57573
12348
53051
33920
29286
49716
21837
59857
30176
52659
35872
32393
18440
37677
31609
11031
57032
18587
17334
32016
61234
56755
29301
28065
64739
58069
29127
58337
18489
44519
59075
64707
42950
37780
19701
56781
10922
56405
35411
18294
25191
29860
6312
7579
47719
43143
22879
32333
40783
53981
35618
20989
34045
37098
13525
7953
15094
32733
11637
56852
5686
49584
19286
51351
58658
37459
5164
62832
58192
59159
17830
30403
58060
50810
50798
40173
41762
31122
37763
10784
63754
4199
44940
29222
13342
35376
53527
13487
38100
36625
55257
30926
41129
27776
46188
65200
59987
58966
30812
15825
20132
60883
49327
63302
7573
13427
20642
54789
1586
42198
65506
27085
33412
42210
48666
21642
42395
7350
52851
50026
23029
51834
16688
19149
8749
55993
39240
8526
21808
24076
20082
2720
42282
31287
27593
36524
53949
34204
2470
40557
59769
22781
46642
7086
32197
9369
39329
20654
5274
13602
1370
359
39190
63110
6846
15696
64257
49311
27639
25575
41631
55105
51227
20075
54023
35640
13469
47370
25415
16011
59348
41336
21169
2521
3027
45625
60554
42879
39116
62632
25994
44763
33988
56199
23089
7491
8219
4303
3278
33019
3589
17431
34477
38822
61402
25956
61283
18922
32677
22199
20950
25170
22601
60231
11275
50431
5509
5617
20842
7076
50343
49634
1068
63387
17738
21013
31890
28189
5503
5103
56945
17999
30217
6957
29238
43387
25769
5617
18072
57060
19879
65373
62705
39124
11707
24222
61763
797
4558
21608
64270
6791
61575
32144
29561
38421
14270
20770
32462
39707
39513
43099
23707
46699
34868
35132
32736
32534
62259
18958
38840
17100
41352
29727
55641
40940
29078
39822
30120
1645
59523
39351
31850
37431
44822
15971
27562
42306
51501
64149
53372
18540
20220
59049
43865
3561
6635
51429
56321
43453
56765
63899
38476
3456
62621
24034
58719
30115
21130
55344
15672
38892
13032
24071
6380
14561
62034
10134
9709
41337
7896
59980
953
2473
39563
41026
60836
61895
16548
38295
54268
48442
7744
15896
33700
51921
12540
42593
44637
31156
55664
25492
37340
45860
64255
27014
38722
49389
23752
30169
2323
45632
35939
4185
3448
16836
27293
47943
42407
56948
13737
46456
14003
1414
9826
20224
35484
35422
7449
13642
54350
41560
31664
898
56962
961
39557
60261
30381
21580
59630
32161
23060
17134
40230
9042
29257
51458
20680
57127
39628
49323
57097
36031
28040
8913
23123
18528
3165
20856
37057
62063
21061
26790
53052
15589
13946
13653
57637
52836
32197
16409
28242
42181
44351
30305
47501
52357
2764
64326
55084
34078
59966
65533
52054
19386
14577
38832
59661
61202
59995
1566
4558
37001
28425
315
15184
56013
6007
41721
44092
16702
7134
19702
46345
3656
38238
31699
6615
19348
65352
19707
13599
6219
56841
54786
51874
18240
7937
35453
33511
60235
12370
17209
8514
61945
28557
11020
46242
51535
36868
59896
7092
23909
56080
61180
52282
36552
22600
56048
13100
13108
9107
55572
60315
34539
35456
15886
55880
12305
27872
56513
58344
47091
61340
11153
43540
62754
8656
1509
54374
27030
38442
23041
39403
21833
37726
1596
58559
18819
64076
31589
454
29241
43066
54736
55665
46273
24627
40141
27245
45043
16578
19349
28451
3394
59333
7450
4205
60405
29874
33302
8313
37305
62708
18346
47011
56331
24776
57037
28525
17366
60361
28128
27642
22253
21539
44476
59270
7149
1236
61960
62543
52809
27372
31714
22650
48652
7406
52068
34901
55069
12181
7647
27875
41266
59207
24385
41304
24229
9428
30173
37084
64367
30229
8723
23665
8590
43208
49849
50495
28509
11773
17806
2749
47894
8962
41745
7517
2358
36868
20175
37076
44490
38698
28708
57580
62424
13618
60473
52118
6835
14225
35066
49732
36625
33265
63283
6642
40651
15696
54953
2834
62719
41262
7929
22318
54555
59600
28305
54429
32368
23512
19504
40722
39819
19605
33646
34370
34063
21368
42007
15180
31294
56228
35904
42346
21492
17085
14247
60137
49763
13233
55854
43593
53416
46229
39022
22951
4103
7695
13725
59901
34336
57366
49445
39690
25463
55198
54806
44285
26285
54559
14951
60533
51961
7166
49537
34849
46134
18899
49783
48698
10321
26979
62833
47379
61383
36633
44727
40534
6274
60917
25431
56704
10104
41885
50654
54599
12468
50578
12789
17411
52361
22515
58944
23137
33361
60414
60820
38946
16663
48562
34215
54748
64797
7202
62744
7376
14938
36756
55087
42562
52063
3884
14363
30132
34730
30496
64954
38570
27760
57365
39262
54537
27804
44450
65423
46466
46507
6918
33935
43696
15207
26417
16174
38171
33031
64381
37023
33173
19785
52315
11011
13025
34823
64687
10199
4002
33633
54941
18801
37401
41601
31256
2099
43048
45539
46131
34718
14125
44976
59869
6612
26699
54233
46540
51447
15860
60570
14410
32659
19364
15772
49035
24575
18072
24311
24272
24009
40815
30335
917
42664
60836
59994
49208
52282
287
24052
13041
11113
60037
28419
8113
64822
34663
32147
52695
56024
18382
27580
35225
11184
10763
40182
9759
19777
62449
22036
44637
11814
5177
39271
43504
9414
30904
7833
41
64119
26542
16814
8840
36503
2536
43638
42177
58703
58841
7487
13571
47822
34245
14843
32515
17507
34179
51946
11062
59829
7982
22498
16847
32652
55196
39117
60285
13887
11218
44643
16726
29218
29630
10898
28492
2912
37244
42307
55790
152
8825
36468
41344
58651
15271
8401
5479
34141
9919
3851
28311
64660
13423
31971
26023
11802
27568
55161
50364
50570
55482
32579
20335
53422
31034
63156
28162
19267
48193
13542
32723
62303
60630
41951
197
60096
55366
34781
50367
21353
64208
46609
47968
7142
46702
57590
17450
14343
39843
27919
16925
20418
2762
37842
2426
36777
57311
39439
5789
54441
15591
20976
52006
11982
8153
21765
17717
25209
13941
58419
26498
49024
36276
42290
5370
32169
2275
52230
20583
36449
3082
44619
18930
38186
45786
24025
4872
39391
60793
49481
43748
19340
23748
14596
65198
12135
50445
14525
10052
15910
47638
41718
49602
23093
62717
60100
1989
322
23621
35278
44275
20902
38614
2316
18286
61510
22149
32153
55062
10107
720
50881
25235
17098
60172
14865
51852
46743
58023
25043
25304
48231
42825
7572
6361
35771
21125
35776
33979
59860
52247
36287
53334
50286
1397
16167
26445
63114
50103
30883
64331
50656
32984
63813
14594
5408
30490
53391
32437
58098
17922
54836
2586
49805
19691
57895
46029
28744
54162
40472
5366
21952
20694
39542
21371
26375
18647
30995
58373
63939
10377
8664
43704
9091
52914
32807
1199
48010
50384
2625
60802
57387
42981
35053
9081
25284
37511
52688
64165
37981
39224
61466
45254
3731
32198
14076
16453
5788
31821
13663
65176
37135
56653
31772
34424
64207
15841
52666
8120
43715
49784
28822
50834
39214
50145
53631
51096
16976
56388
54022
39415
49994
25913
48516
21170
16571
61156
64672
52655
5605
29816
42969
36942
61659
10797
58311
56870
7792
33643
1076
49265
2329
59490
26198
53201
2463
6769
50743
53740
32344
11695
49485
51612
38004
27312
48625
48234
64365
5462
12823
51410
37922
17536
19050
31661
27875
62110
58473
45073
42332
16755
1213
62109
55937
44507
64331
18373
62551
32601
49722
8363
55830
58211
33580
3338
17206
14695
22441
8504
38903
57155
20014
2593
26271
42617
42595
54760
50054
32384
23546
19240
37558
40676
18394
47764
44817
47931
58277
47108
2324
30872
61210
4117
34493
28324
15533
62846
36126
38753
61662
35408
55853
38280
38857
39288
25515
24022
38656
18612
30138
4125
61253
20733
30533
52781
52450
16637
56249
60274
35663
43460
34321
31413
19118
27146
19333
120
13354
60923
11343
11145
24618
13282
10399
40605
10053
19713
55829
8589
31160
55894
12788
16168
31323
18911
16903
2491
30469
23607
23921
48011
37539
17637
42650
36997
33363
50819
12439
54894
57804
34976
39440
34219
6278
19350
45197
16049
26394
23963
4343
59475
50
12497
31346
11652
52910
38892
46055
38052
10087
25579
38533
6228
34292
25292
28872
24594
6337
5527
52368
5887
52278
36373
36698
56874
42204
4456
30270
64924
32866
63116
54717
17018
50864
61371
62291
10645
44972
35686
30342
5373
4569
18994
59192
11532
58377
48551
11620
16648
55083
11513
49728
62187
62866
51576
73
59290
42336
24626
41315
285
13664
28203
38279
26454
47986
29041
62204
13960
16854
25487
39815
49488
21460
33657
25325
18019
42124
50148
9531
26151
2179
44719
64590
36081
16526
65400
20753
44355
36946
45016
47481
49911
24822
45279
57857
33643
38811
26746
59942
50918
2408
18365
43841
34609
53691
47168
60827
31178
13477
45872
60527
56613
54674
42477
40127
13134
31796
14973
65478
2451
44048
56494
56047
2378
62846
27626
33583
51039
26519
63940
22564
60418
55934
11222
36447
19053
25114
12428
1111
1066
32347
22055
41560
19503
54287
60502
20998
23866
1936
39216
61550
13371
4485
38829
54365
2772
21806
51837
39196
11674
21333
27263
16068
24696
21137
17391
32646
8298
34533
1223
16032
8098
52525
11661
64496
8848
53529
10464
50221
25660
55120
14489
56306
14506
57492
25217
58119
46480
36634
36684
1788
