26538
50835
5281
42973
60731
51037
36266
1745
27443
29778
35543
20863
21424
20638
39309
32871
42834
65126
32112
13340
37442
51419
2154
8905
12539
22203
64341
1385
46645
10933
10614
59261
52057
20908
15703
6426
5288
40286
25398
3220
28953
65038
41094
50054
18483
35341
27085
27131
26975
48969
58792
28844
7795
31971
54161
61428
42589
59119
62032
24830
49744
59984
9358
11945
6363
41847
20090
45947
58150
19346
12897
47549
34162
14099
43951
7389
47064
19804
31063
34154
13335
29164
26585
47498
7780
21178
23067
42386
40533
18641
9181
31054
63477
34337
62141
27943
36046
5161
45009
5836
59251
45554
18351
52322
51010
29356
6741
9067
42371
42561
33046
24456
1605
59073
14274
56416
49608
62390
28344
5576
55933
28789
30052
26850
52406
22311
51002
3294
1951
22214
11051
11829
34713
47164
64078
9459
55783
37750
60912
45164
37130
29584
33007
4719
24365
38879
38325
19239
33246
30344
52643
25660
42419
52070
5126
504
55817
563
6639
21443
10911
5570
27953
37926
19832
43470
32600
25720
39662
11284
62545
53537
24626
32434
62371
47064
45011
26804
47828
27919
48692
5447
64720
38216
15391
28812
37450
41473
50136
24355
8243
39620
26949
65508
24997
51253
31396
15832
30866
44341
63029
30180
6285
53015
12592
37591
5537
15014
27731
54524
29746
49412
5352
26351
22944
50221
60644
26749
7405
23928
20256
44983
58847
24180
5499
24253
37996
56100
21124
23340
59364
48216
6837
23604
47698
15040
16515
10394
2136
10898
24526
59580
49507
60331
28
47391
16847
50920
19773
60929
33948
7434
22398
56823
37780
11194
16757
60779
41560
37178
51963
56879
40074
9660
37567
39217
28017
40115
24738
45756
17540
28545
20331
12638
41040
60650
36783
49436
26078
7715
35395
13405
26846
55149
45986
18809
36719
39694
29234
34598
31098
13555
13592
51201
37466
50293
6090
15863
20637
29075
25842
8935
62940
59852
47605
60957
3131
46575
1577
45909
59515
27424
30045
29747
34372
12906
3816
4859
31031
35386
59885
43749
14946
27674
56761
61394
52639
2368
38475
3836
51667
47544
276
5515
49727
8407
6190
22324
58052
2912
15217
15466
15231
33571
38155
31293
12775
60273
25303
28651
21912
54852
3205
19149
37441
31439
1034
58203
24089
20665
36688
26098
63916
37608
57989
45039
18723
34503
14109
3256
43893
42396
33982
54961
6391
43946
22454
33962
40680
34710
15173
5996
53999
17097
59855
39949
18164
15989
17824
12105
6336
12108
2670
6034
24928
32335
60464
50854
53340
18628
54105
58090
2824
8609
10572
45907
41307
45269
23743
42799
47502
62141
46157
14760
58108
13569
63780
40496
25458
43459
55871
39145
14209
26316
506
48087
51765
5524
37223
2030
19061
23586
56176
53349
36678
45934
41362
12533
2546
52786
35573
52581
22259
9332
17395
5801
39948
13347
64392
6421
6980
61459
6249
34396
2073
56691
31906
25397
3648
20928
27960
57715
4068
44171
24586
32979
39111
47298
25606
3104
18213
45655
1588
33877
53334
4712
12321
13151
9083
56688
43859
47606
35018
16202
28623
17127
13496
60758
62387
448
13930
55119
16342
23928
13858
30989
33546
39925
43485
496
31717
28160
32439
25484
51470
25848
47353
6522
8108
46822
61102
29180
7735
47127
42620
4230
63255
5383
3172
756
60563
2590
62918
10463
30330
16495
27239
5741
26977
14138
27177
42141
33388
6739
28217
12112
2493
16466
39205
50027
56684
61361
42339
42625
33295
54137
9526
45439
1238
62487
57197
6365
5971
3685
19167
28326
57253
31211
27914
40260
197
52627
64207
58089
25970
49637
48882
64456
12215
48337
10854
62287
23246
20089
41271
11520
50849
45634
33294
32668
63
2134
8534
7225
16286
11228
237
15630
24242
65303
10269
18628
33728
56561
22390
61761
10306
49628
62358
21757
56505
30819
24179
6302
26984
48810
43546
27527
17349
43279
62767
11444
51981
29684
7953
16897
65002
14194
37819
24212
19903
61099
57196
34262
46594
64697
51992
53494
49885
63061
14400
27002
21533
18700
52303
33430
20888
42001
7685
24906
41037
7203
45650
36849
36974
24435
17268
59386
28467
14665
44711
50945
62798
57913
50559
30029
28693
18630
56419
55713
4480
25616
43063
61766
4779
15726
26687
19882
61476
64476
45979
44291
50947
60378
28427
42891
59647
58261
59125
31668
53565
20070
19681
35944
39786
39362
22982
21647
30526
62031
6593
59933
6577
34485
38856
43998
25597
40722
37794
5412
28847
15441
2479
41045
36962
21967
6322
1699
42248
39347
49822
47930
32803
35741
19093
48765
4928
30416
14775
36346
38844
32803
19593
39687
7836
2104
47243
17173
52060
30030
56078
58635
51041
52187
41033
41826
3373
23353
49303
28670
52459
23193
352
34829
62873
44991
45067
15755
1559
60102
44263
44538
20493
55021
15355
24523
51103
27852
38983
44752
1906
28836
17246
52751
33658
23154
43198
31072
49893
49633
49117
49707
55422
40737
58401
6423
30394
30330
38183
45589
58414
62681
5617
37778
62596
12686
2270
49280
6587
22225
274
34830
39418
64496
4992
23497
61968
38403
58608
26642
4664
3028
4841
7857
25003
12515
19743
9187
9279
46194
36701
32090
3651
51257
4445
1551
7746
36613
48825
49045
43765
10457
8605
56699
22566
21333
49596
63021
47914
499
3368
13168
21433
64107
25651
61194
18256
54363
206
9006
40219
7435
2524
11548
1354
32183
15219
62347
24873
64102
5403
55873
48044
57390
9410
64364
6642
31888
60909
3724
50211
64531
63735
52724
35844
15295
37367
20507
46932
2514
336
25915
11412
34196
17308
54904
64266
43716
5587
31376
13177
31728
57994
62768
57432
56967
51389
6437
38177
54678
41504
25374
63384
63809
34012
46634
56781
46959
5709
45161
35957
38346
64688
24521
33827
50937
45921
30744
24811
5728
23306
47395
5486
33480
34758
24914
5501
16002
2818
27662
46650
8458
13534
31991
3610
28320
40383
4571
24040
13929
33128
38818
40513
4043
43891
57873
17064
14039
23577
32778
12037
38176
6104
15798
25420
53364
10853
33453
58362
13132
61649
32531
43333
6639
49002
54259
47400
29269
4252
5643
44784
23009
65185
14782
15657
27071
20323
61984
27485
2553
29532
26373
39388
25185
39770
39513
39712
38123
41074
25448
43716
6766
58700
6389
55516
7955
47626
46442
13737
34427
53581
27119
65359
18724
20100
63306
14653
17951
40247
22696
40347
22287
49846
1824
31880
5785
51614
25938
48920
1107
37219
33886
62315
2217
45012
44494
16216
12858
59997
57505
42140
33706
33459
32691
2204
38502
4137
9876
35980
30920
28605
6136
1653
3988
16299
10436
39322
51314
41529
52082
56718
49680
38288
46881
24318
26436
4173
3790
20280
17187
45753
35832
21278
26078
34247
43255
7413
14798
6708
47326
15629
40350
5578
13269
33193
19786
1695
38235
56188
14249
46799
48481
19084
49420
7650
12687
45271
39479
57790
60219
8525
64837
35380
39640
28029
53434
24066
27476
62557
33251
60032
9234
46157
62648
63835
42934
36546
53813
18175
44260
33416
8963
26928
58905
61883
51074
59030
6716
33716
30198
64560
6366
21946
12283
16600
23269
35579
16796
56944
41907
18507
27000
4270
31705
2336
53299
32031
29781
17839
59783
59795
44529
19416
27887
47471
8818
4790
10083
30734
25821
46437
56988
59908
10916
10086
43409
33711
15445
37007
45671
18703
43859
23319
5655
25368
42891
1005
15220
45687
14720
13251
59488
33482
6172
32791
12140
9160
39775
56599
54487
4694
25508
35217
5070
18294
26411
27943
33029
49172
54019
14993
51615
34574
25478
16783
20127
51693
17442
36343
40062
9824
18007
55075
44063
11747
5493
35808
36841
48732
22256
10790
48776
35304
15097
55995
15762
64643
54327
34359
52007
47688
4908
43153
24426
19779
42781
31195
14077
15001
43790
55461
25384
55246
16460
17522
41969
35386
34710
10752
31225
55485
46323
57365
37568
27124
144
15240
17521
48587
44620
22387
57421
45332
19651
38424
62071
64130
43091
50599
44391
46345
42876
19693
50339
27408
30067
45392
44043
51534
50181
16458
53573
24906
57908
44210
24578
51978
24148
56813
24215
8825
21677
53979
53146
56608
33379
8123
5270
58212
26973
52188
33258
3301
52814
15115
21176
15604
43344
48586
33075
43352
32778
53508
1924
40495
8615
55775
48778
7099
861
3759
4543
63950
30987
26367
56860
50340
42545
61442
27793
9633
39324
16256
8946
3007
62438
62384
55055
10617
39756
8861
39595
53443
45717
32748
41716
36481
14150
9286
52023
21196
705
19779
13972
50966
55562
29081
36589
62901
45724
52583
16976
56893
64588
60541
19212
11538
4034
38316
30775
15200
63648
17029
5296
10932
28155
37971
15415
5486
3352
16299
29044
25790
4181
24267
56155
61907
7295
56945
17964
50812
20067
13502
23405
25760
11339
49355
41118
57073
31439
19934
6103
22631
31618
19705
14701
28983
1053
35048
65169
16120
24257
11918
59318
57204
40999
53994
23199
50412
62853
3166
21510
11641
60692
35399
540
45872
14186
15753
26377
18473
5632
29212
23092
28469
56687
51782
17427
40272
3534
60216
35638
16754
26746
48940
63958
35275
50454
11638
18920
58240
49799
10547
42015
9197
51741
64103
46349
19268
48801
28963
250
17993
37827
13981
44120
25338
35589
35720
62905
37961
39515
50974
27362
59492
11852
64033
35818
45822
40030
34841
24458
28727
18854
27129
61817
16622
41442
18801
29095
54655
50107
49723
31848
21246
45957
31820
51760
61652
47695
15234
30708
35981
11067
54549
20714
57835
275
19585
65401
60766
36556
63981
34021
40674
5980
700
4502
20833
34440
53718
27868
46878
42219
15174
64499
46026
33632
26588
13527
41111
62457
17973
39587
23748
24479
54657
63682
61713
64172
34315
25301
24903
40690
55905
13286
6532
31972
40440
65450
1337
27763
24307
34379
12269
15984
19356
7438
29391
91
59034
64241
65057
57074
55253
28802
27892
15377
26788
59593
46497
33890
1941
21021
40068
50184
48762
5042
4690
36806
57305
21783
40009
47379
4483
21643
28817
14731
37424
24881
41813
25962
48175
55834
381
50741
63891
37244
4163
27906
4409
22043
16201
25720
62139
21664
10691
41850
58746
16369
13552
29180
30385
35946
24003
28119
26843
12722
10935
57704
16961
12145
6526
4814
42891
1564
36342
44714
60732
12316
49077
51510
29399
16271
21985
3477
30212
1972
61785
52595
19713
35116
16030
19419
18395
20044
39882
40476
29189
28749
29254
39369
34652
40398
55627
30084
30773
27782
10394
5303
53812
5950
35442
64930
38126
30269
3516
60733
31832
20469
10785
35671
1622
8920
48191
2727
59298
60747
20649
43013
63558
7329
387
41997
5558
8113
17700
26150
3709
52281
45667
45758
20363
25549
43236
42255
21201
18766
4264
41540
63154
15062
29555
8285
49913
55820
33655
5009
9362
1289
56229
8010
25050
11536
61081
54384
11973
8577
41387
44461
28427
63056
43550
15002
65151
7961
3210
56333
54339
65512
43509
56334
1102
47424
37366
62291
22970
57382
5910
40372
49630
45684
33716
63643
2856
27299
39702
25943
9173
45650
63241
26957
59183
57578
48072
823
24740
34796
30762
48860
59280
63514
18001
57572
12974
61752
40451
29489
35645
38799
47702
36180
36760
13665
29384
412
26045
15157
9273
54414
9481
62344
42204
56024
45962
38539
27174
55937
15366
35773
35492
57503
36537
51174
2588
58902
41791
57257
44524
42173
8209
58544
15446
2311
64372
55871
30936
50499
34405
42683
58388
12031
43467
11224
3561
29488
10205
49830
46859
37031
7696
14950
15458
17747
29378
9227
37490
40811
61205
7525
488
13978
33718
11880
375
60994
37581
25815
62907
26235
13837
52112
56168
52529
16273
15211
714
2057
22837
37977
13283
23538
28533
54419
34809
15017
12554
22956
58390
6487
33138
22156
37443
34000
16645
60692
62270
4257
57457
43149
61540
35840
13351
17063
184
38720
815
31434
15773
63507
3822
16291
48894
15981
47147
39532
57856
49631
8299
43076
57726
4081
56557
3276
39388
16676
40495
28664
54264
55831
22388
54809
21746
52905
60967
38703
4197
32909
38528
22309
39878
24781
44869
4790
21414
31595
20839
56171
45935
41668
25287
17906
3247
27185
32875
57127
7718
21227
13623
42515
13426
24695
64715
19552
41746
11843
46976
53672
8639
12658
3302
34820
4478
44341
56224
24030
27996
50101
49168
46743
41258
3023
57035
56586
28532
5532
52014
22112
47161
26647
11954
4053
2926
53916
46483
13612
55461
36403
61540
62895
34557
45858
62238
5422
39895
51916
1271
36064
14090
60708
33414
24108
54186
29859
15512
17751
5944
23001
54207
20181
1164
5296
59879
53207
20357
36947
58937
13765
60318
9711
575
10774
8179
29758
9774
65275
49012
23639
15841
1566
13737
35694
532
16167
15078
26721
2653
38594
24975
10298
22028
41398
5180
53269
37361
65474
51390
50859
1569
49371
20246
58495
20000
64936
24443
59388
62595
57394
13631
56183
16438
15940
19792
25778
31542
15919
4175
60417
35935
19287
23421
60762
48591
38911
61028
54299
52277
50368
55549
49311
30178
19888
6504
29103
14123
28902
17310
27039
13651
44496
7162
58032
5294
49702
45354
27812
48680
26596
16947
43039
2444
52786
45817
48996
52331
12228
3303
4298
19284
57841
53210
49683
27745
39072
65091
29734
28888
13113
58055
8610
14606
21932
13824
5871
59382
40332
29001
17314
17919
63310
42755
8636
43931
6817
35290
178
32947
23865
25239
9319
42106
57712
48890
52713
20276
47662
45561
45207
56979
20466
46860
3155
55331
46013
61678
65426
19914
45063
39014
58744
10703
8114
29851
41868
61664
35065
31429
42794
4536
33909
21429
44619
27025
35107
4384
64285
55933
16240
47958
3454
59286
26807
4640
51679
21352
15899
57067
25353
4852
5610
36873
18580
3411
50672
6451
51528
63674
29362
25460
14032
47597
51619
58325
60433
48297
24240
45188
13889
40745
6300
3291
3235
52321
36683
19451
11663
53011
9682
15847
43401
17443
39275
44117
62956
30709
19626
49666
52635
9148
64806
39712
65079
7296
64813
10494
10179
55594
15209
50746
487
1798
6112
58584
51937
6861
10470
57230
49755
24305
35507
28893
10907
21607
56296
22270
34414
113
43058
28510
31932
11062
44946
36698
2484
9356
42513
24128
55973
43090
35163
48779
982
5422
57469
55092
4935
52657
3754
61480
18263
13966
12270
20988
56767
46745
6966
26603
30607
63358
10532
63677
21309
17707
28822
10915
31395
37692
32188
16656
60845
23992
3002
35555
45326
2170
9591
5541
55245
28317
33391
57
60703
58227
57969
6527
14081
47823
16271
57552
17375
35509
40685
44000
33636
22133
45669
31148
13378
6436
57895
560
6028
52844
1430
7563
19356
23654
44958
55478
61371
1850
30314
30667
26387
12210
29433
40550
32767
14013
13403
56369
64977
29973
23256
13768
11161
11066
2284
26660
19423
43481
31756
17838
19649
7643
36649
11038
58788
63240
51083
64366
18507
38887
42640
53033
45513
38342
45645
36901
28021
28913
49122
57103
21275
417
58385
43293
31457
53200
41586
25700
4407
33425
12665
23469
43404
22178
42311
139
28114
50505
2021
48774
38202
40507
30467
57965
7251
23969
41431
38408
41199
32023
35155
28773
14959
46268
43757
29428
46922
51312
62069
39705
20031
14890
52978
27290
39803
27917
19760
24906
12156
37918
11889
38726
5553
21141
23474
25706
3331
23053
33108
38028
63476
26966
11707
36937
60650
18734
5765
61980
64612
20350
14523
39760
15457
7574
58499
34512
8157
56603
1390
44018
55286
63257
41890
19832
51729
14442
25739
58592
6126
19963
16518
52787
30864
55504
21736
18281
517
22868
36747
22544
60188
33651
22350
8532
2693
60623
35427
14727
18332
59801
11183
15313
59833
41052
60639
55318
41785
27800
42384
5690
60132
19936
1056
65498
56277
16874
60458
37015
44668
25760
8578
38453
57084
25115
47005
34569
19852
64475
57716
23360
1445
50970
52303
55117
36922
23544
24900
1197
61819
4484
35758
64291
12602
11125
31864
64638
33112
11327
37824
14452
32339
35994
27027
981
45502
5165
63552
6186
17622
35844
37235
58879
1661
53365
6839
58808
40246
43161
9655
57630
56223
56952
22459
6016
47955
33733
58818
10250
3832
13670
61854
34651
35070
49497
34339
46069
35442
1343
60462
26740
60128
16488
2831
46466
23616
64889
951
2181
6523
32191
50364
46584
31263
38023
50321
42788
53806
7545
58851
8683
47088
15048
45969
35173
6307
38579
14553
63876
65512
62723
4547
23977
18106
38158
10684
5776
29040
36969
19836
44474
14131
35852
37471
17801
27055
18022
50884
5395
50252
46794
43043
46981
15232
26711
60388
37007
12662
17470
40412
63191
49772
27277
57463
59949
59071
52741
31984
43305
13800
274
22757
53361
45300
1260
46908
33635
62389
8505
5472
43302
49171
296
30846
60175
8571
13811
11985
36106
6381
19409
17753
28595
8953
33820
53503
44224
50102
25554
33038
62287
4864
43242
5904
38022
16232
21447
6248
63252
62481
17292
21427
43585
58229
5570
2099
18509
39490
5242
13456
32620
35173
59802
51292
19329
22353
36967
4650
25717
2506
16595
36695
4021
11981
22375
31506
6170
5289
19822
19470
19340
14459
62734
49198
65181
49731
13866
21359
24020
34207
48242
2291
54061
19756
61384
35944
37426
50502
56223
20565
15410
36700
29687
64009
49247
33914
16387
62421
21211
44745
18496
19042
33574
31403
670
11349
64997
62087
46612
34834
48395
3892
48318
5802
30442
34175
7425
62794
47976
30226
6312
53637
65412
40349
51188
51861
553
38949
26674
7678
41147
44876
46448
18827
16565
38378
14962
27039
12823
8028
11609
36694
49912
313
18053
17721
32545
57698
2588
43238
51241
11126
59769
61008
65108
36640
30731
59
61544
19682
28837
517
8005
65072
4207
39505
52887
31452
44754
61019
3850
11813
19073
6081
23646
17686
59021
3005
10569
64770
6034
20709
5895
20410
53035
64339
18482
29812
52786
17981
23979
11885
31566
65254
9573
51742
3296
47412
21796
13617
52008
52200
13094
25760
54649
53234
23379
21111
16911
5097
20196
92
8211
10217
1613
46102
2202
16772
65461
2966
29281
30199
43022
63938
15175
20585
49067
35895
40971
21837
58566
10260
21193
22808
40524
60688
30673
49304
4209
24011
38448
15824
26800
62179
33237
5283
50084
3186
46354
12599
2879
1283
8027
54901
21701
5796
13843
57954
28408
32289
62896
48206
32874
47947
60926
8144
25146
53033
36540
25885
44774
45228
42479
3282
61670
65288
49445
62499
19501
48560
56999
47522
55537
63232
40803
52428
11555
34091
5969
44221
12560
3158
10268
38486
56108
1023
58527
54212
27452
35753
34219
11374
28548
54876
2515
59960
51535
11835
40764
20250
20772
5706
10306
37360
37804
8374
28840
28301
35399
49974
47221
59705
14359
2336
29768
35767
28932
810
23245
20929
45732
7893
19923
18190
60556
20016
45314
31998
55274
1134
41513
62024
27843
26626
12885
27946
866
5349
9809
42359
21548
8368
58051
55664
8978
13002
38542
13204
10391
14418
5914
64473
20324
63756
33721
19177
45686
29321
52235
3813
30442
57052
17139
20184
25514
59908
41840
31036
20500
15384
59263
18892
17774
13135
26680
13164
7945
27622
45771
37385
51707
20738
9891
2622
12475
27953
32318
24005
14288
3315
35419
15535
19492
37029
6146
7852
19951
64462
36608
12207
19621
4436
23908
37221
17555
41152
7550
62985
20461
21864
29641
33940
43013
10275
59091
58116
5273
2537
35092
23803
19109
63371
60845
63793
45519
10195
7440
32215
55501
6626
38984
18846
34930
9132
2251
37502
32582
39207
31973
59164
21700
25154
33162
22645
7196
34353
23487
61430
56386
26495
64726
18113
10226
13380
54048
40156
51494
16081
38218
4711
31451
14147
57705
33480
36
49581
25283
65345
40383
36756
49076
63716
46331
20178
53866
61667
19188
39856
60976
64397
16766
6772
44015
21431
36969
32149
35928
21399
1979
53705
49968
62352
45170
59545
59434
17697
28160
4876
7497
23216
3010
17499
14848
23825
32667
64319
28700
56533
9435
5557
57573
6815
11745
7319
50116
46619
48524
31458
46370
55757
5955
4853
1374
4756
53249
59311
14390
18108
27272
45988
53575
42937
29343
15936
2031
20533
48194
36594
32769
46952
38271
62419
10927
49568
28360
49381
2882
45407
52628
5144
52254
11830
31770
64316
25032
61427
33835
28731
26704
8299
8901
44203
21546
16433
13693
20186
24190
63277
43443
23615
31379
722
37079
22116
61502
29687
16731
7747
40137
13087
909
31795
50996
25276
41417
18281
52416
54112
22574
1935
22646
60639
33735
34060
38951
3161
26769
39060
11261
25817
5890
58199
45875
64048
41036
25703
27990
13838
61493
22373
28871
32455
2654
10773
33174
3668
20477
14670
49356
42667
47227
6943
59168
60015
37341
39093
60786
33190
54887
29507
29001
48856
16848
25625
41739
64914
39785
26485
22907
54135
11850
43751
11644
58657
4629
39530
12914
25652
40871
24637
10275
96
58857
25518
11213
46333
28604
25352
19392
35187
6296
5408
13214
2288
13902
21738
1911
17283
41515
51528
15963
39086
40586
30355
55105
26262
34617
22836
2821
22754
4589
13744
36883
38576
19016
19051
38666
1062
10631
1435
65065
61880
10123
12260
43628
42574
34737
33968
46481
34158
23276
60453
26031
42935
39211
63601
26517
24955
18927
47188
21676
42419
62392
63214
12529
9443
47612
19107
39180
64397
7650
41863
56618
28853
35363
50816
4226
56107
43112
55328
8626
8760
28517
59488
29047
45055
23355
5183
50336
55765
24325
40033
19549
31846
2113
41529
62744
6428
29460
1500
9111
1262
17171
4767
42671
15073
40298
59117
32370
41080
11832
33007
42192
44081
4767
52319
24142
12901
30610
45055
32566
24743
1004
15705
52623
9134
54070
9257
7944
33980
7980
29244
9008
12870
42704
43155
26093
18245
58628
50248
31257
59806
58044
4483
34586
24206
15132
25461
46982
43990
6866
52074
6533
24869
58307
35997
1509
3203
20918
26324
41765
64716
45838
36645
36562
25689
45805
17714
1671
19608
26202
47763
64768
27794
24834
37854
38159
37352
8586
45110
12842
20105
11658
65033
33559
8081
48725
51849
32057
52366
32245
26026
43020
30660
39253
46823
2089
8381
56359
56419
11805
12306
39652
62689
12972
17583
60577
34841
521
49994
2830
14997
44789
18105
10990
60891
48543
42586
33561
62034
45054
36130
56451
58793
56748
19224
49114
21361
28704
20389
64994
24772
46219
59458
6098
49585
29193
247
61130
60504
48883
29601
63621
56206
64996
20424
19597
31625
50198
12637
5394
14675
41048
35268
62982
3875
7108
54949
1391
46997
11820
13531
12494
21402
58687
7913
61985
3211
7381
42168
598
13172
11469
38288
5084
38760
30019
8772
30422
3488
8385
35738
62255
49920
37930
33284
60365
16521
41363
31833
58460
55218
46357
50303
25368
38849
15552
20599
52405
37187
24629
11936
49758
25410
61207
62562
17943
8273
10040
63594
26875
52793
7931
10197
40074
17343
61258
7560
62015
38836
34871
41268
52174
64085
40993
39592
27875
53449
21147
43143
15087
22336
59733
30863
64351
44881
15354
4266
10166
48547
26887
9621
60099
64171
15659
19534
52122
35796
9273
39544
49608
58808
63079
19986
17768
7846
2134
44914
30949
18075
1724
10380
6749
62211
44255
46472
3221
42477
1784
18121
52246
52071
9767
40150
3441
7812
64999
18682
21544
27403
62228
20342
33475
33022
34693
58964
27672
23027
46727
56712
12514
48796
53732
2518
55097
20894
4589
19920
33092
3542
22401
54990
36512
26870
34720
9059
64488
48736
47235
15011
40414
63945
18982
35532
27090
26649
54291
12078
37404
24727
59431
17307
31470
49515
54400
40229
37696
5254
3904
4531
11326
26031
18719
25693
50296
30042
54768
44202
40011
16688
49372
56654
38571
1887
44287
4950
4508
27219
46032
17447
57477
4039
6164
48085
25184
33205
10128
55820
58530
30847
47349
10076
61448
12266
34933
36728
8794
40162
23682
61632
41203
24682
57911
4520
22094
49501
40654
61524
16129
54657
58316
58535
8174
10442
64706
43378
46967
35430
48165
17652
36729
41928
4112
32031
34974
27798
59019
19074
50074
12342
21556
697
61556
49540
17742
16558
40175
55341
13649
39198
8616
57818
62789
46742
46355
39717
14168
23042
9814
49378
43850
52537
48327
23592
15565
63318
57457
41883
46321
55624
61344
33656
6135
38015
7808
42146
41815
37646
60152
59549
50989
16804
16366
22734
42907
40200
510
4509
31279
44074
23750
20911
29101
1745
25502
26459
31628
53454
64689
59899
38624
35864
50629
24472
59558
5494
35670
15615
36500
53516
103
13884
3986
24059
63320
42782
25067
12436
23790
54318
808
23399
2973
25305
3454
14795
55939
23098
49867
28711
5434
55612
49376
56857
32469
2433
43306
53110
53863
51249
53167
14221
24771
22277
62111
22527
13402
45062
30484
58695
11040
61843
7784
4205
681
1197
13947
34738
10172
24933
29193
63640
8213
22302
25839
28267
20022
23858
23158
26339
36361
56463
22258
17597
32320
45917
61337
16747
30053
42799
37510
9951
1901
31973
57048
32492
57824
2650
19699
58501
51840
57944
36248
58650
17363
2181
49698
25757
31946
56870
14013
11140
61997
34972
33230
33632
9577
30954
61494
57223
37391
3103
5382
27462
5101
20416
4422
13079
62478
60199
47367
29028
19122
33377
50155
63698
2229
44027
32578
27626
3370
27287
18228
31080
61520
50855
30067
58304
42190
12597
9185
45716
42034
2441
17231
50250
14595
16571
46257
53609
55252
42207
40498
10165
57178
34289
17285
29996
12416
52502
42162
11937
43674
55002
23674
51744
54273
57658
25263
49823
13756
21094
10151
50539
42501
28242
47972
3825
16918
21018
24975
64338
52260
64005
17157
8520
44571
30051
34458
58708
34468
7820
22243
60897
52483
45410
46559
56481
11436
56239
53447
1646
65435
12667
53605
34233
61256
65527
29745
18006
19509
37322
60824
21160
9705
5228
30199
22101
50538
6367
4579
6713
27320
28728
62580
60821
35108
55419
14437
49272
11597
28727
35093
58039
20465
40052
52644
47578
22735
4938
11659
56988
23797
21632
20626
28558
13598
1832
50894
26781
40101
8147
14753
20070
23311
37428
58656
19825
31062
8411
13033
34769
49979
54429
7389
33608
49615
44139
56420
30386
19194
37262
45066
11001
45371
10870
42021
48462
46319
39469
38917
20808
64545
10999
7361
31152
13098
13105
46349
22507
43869
47414
32453
6672
8000
45197
19381
63335
4156
2760
58655
64129
10528
598
43801
6732
35824
44929
36673
48821
61850
7363
13969
58696
50580
18003
30045
29160
32241
40841
60665
33480
32548
3874
19089
62167
58814
20299
6615
3210
25288
49167
19413
48736
24075
43148
2370
38357
12004
56848
26197
36500
65003
49083
45192
34005
11822
20832
65414
17154
62884
8225
12569
14160
2294
6428
36514
61300
55077
21552
26756
57882
60772
52171
30213
4891
2288
50685
36031
21157
7516
40273
54537
64714
35707
45304
7068
644
22709
6701
58347
45657
42599
3521
59160
4218
54954
59159
36410
37042
15423
27667
4560
581
30822
40044
32304
7086
19136
10710
59000
54561
23190
47053
46679
45601
34927
49106
38453
31658
55966
53812
31636
50987
50422
17471
13885
42109
51654
63068
5755
31383
27217
53975
57988
59020
53423
34166
46069
32848
973
54114
29621
44097
49434
42453
25941
46712
19468
14653
36230
11257
40230
58089
61112
26643
64018
7423
14809
17222
61813
18743
55025
15435
50696
33159
7251
54324
31356
61256
39341
18349
19414
51568
63270
10076
3286
57110
23825
63920
43599
35079
12523
43710
38887
33086
39664
21472
50041
64280
47399
63160
61810
45604
60677
27648
15236
6783
3475
23387
22425
25185
50251
13132
28380
10984
18116
56781
32417
1553
55398
40126
44070
3850
863
25132
58077
43410
43122
36420
18108
62073
64075
33115
53212
11348
52490
60344
12166
44461
42715
25502
30892
55631
15255
13679
17350
11164
4239
19713
63085
48707
23671
16345
62828
21321
10193
42237
48641
11988
2317
35067
16436
42300
48865
15388
43897
53254
45448
59578
54
63513
57388
14176
46901
32238
63163
50962
50997
64137
51580
23655
62452
33943
9026
53150
33957
46839
57292
63516
50269
143
26151
4038
40203
38496
48299
21843
37326
55639
37210
47976
58841
4572
26994
40735
62494
3299
28236
33547
35843
53860
37886
47778
20998
65367
62291
27345
34822
26766
4667
21811
59006
23427
47063
2181
42793
56378
5251
42295
46236
51881
63742
24344
40962
44214
23900
57270
26905
20263
21827
47090
52668
51277
31870
63334
4809
59773
35197
9725
28495
40297
48164
43795
31397
44356
45189
7792
52993
33685
33821
45040
23505
52708
58959
34177
37876
64432
34113
63844
42769
2523
9271
22415
16593
14953
48144
55164
1796
3252
53781
3662
209
16619
30483
45966
22747
47104
15233
42587
5847
5550
22088
11629
9764
20362
57244
38094
51909
4753
2974
11982
388
65464
55508
6162
48824
39278
44515
58821
8144
1090
51610
48637
42983
471
13317
16277
50764
14747
45163
51528
59876
14317
53098
11151
33376
36523
8759
19797
56588
42959
43268
5818
47210
38219
22824
39660
35536
15629
49398
3353
34085
27231
20000
43246
41419
34827
20922
38851
17388
19969
40064
11536
9130
49136
23079
20539
53476
59016
46636
54087
5533
11847
44861
10641
20863
17602
23243
35196
39470
57687
45949
64219
9652
52986
5807
35998
25107
35770
6050
54689
28731
23408
897
12926
48218
44161
50878
12694
64035
39537
3832
64432
54983
7608
60633
24309
47099
15170
49046
62136
36393
10782
55384
24401
53509
14790
58195
51828
7739
59094
21818
55152
4054
335
44562
12924
14141
14220
25943
13072
189
56332
46484
15328
19478
36299
3596
55204
51324
62874
60508
61038
38652
23754
24515
41373
51625
22321
12274
36199
13378
33153
925
3621
19720
1338
10157
27423
24866
20433
61070
9022
9945
8569
58407
22783
29579
59814
4749
60879
9042
42069
35234
36013
62975
31568
43521
7762
49415
48625
38794
9253
37040
30774
6814
11243
34747
61892
35312
49865
42030
21597
30189
3822
13652
36292
32487
27614
27075
45059
40744
33072
59415
56960
44083
65393
19041
3479
59075
21413
46743
8218
39373
48705
65022
54230
39907
54283
43649
28918
12633
3549
31559
48
35461
63923
40061
63673
59214
56094
27447
52360
24716
51135
42464
32739
25846
55813
47815
61998
34277
47738
38789
44187
6927
12209
22019
2205
24891
45201
25383
20857
33702
52793
51742
3969
36692
35553
24302
50315
52699
7932
23739
57570
9424
14496
11127
47399
43249
9268
36107
61873
16254
49852
7871
35536
35197
11707
7541
19545
57676
38179
44112
17190
12126
48006
63811
36922
44537
44768
21016
7354
57622
19757
17437
49950
15130
57319
46651
62964
62599
16341
14808
55874
47164
26967
46064
36806
16129
8086
34905
50906
19772
7715
41409
5648
35401
852
50579
3954
45921
27831
64861
25489
49617
28707
48479
2483
21464
10127
64292
64135
1971
21233
54954
56715
19882
64487
24137
9932
14346
49951
29388
44489
30114
43312
1056
43716
14959
18578
40353
32863
62812
37238
56663
20958
13500
14524
37707
50255
63649
19561
15500
13125
13692
2817
58609
42216
28557
5036
48416
19088
9825
13566
40011
63212
39027
26953
35446
38119
25229
40622
31739
52043
18573
26438
40786
56614
40629
49702
10516
40700
17984
65163
11284
60690
22807
21485
48427
56711
560
43534
63405
24815
5361
5708
1987
53406
31832
28030
43881
25798
62432
52405
51976
19940
57254
54646
21310
3257
42312
22481
48881
11393
19787
17691
57906
45444
25716
24971
34415
47360
26965
60306
17534
8616
28010
41079
27001
64768
38039
3591
17522
48156
42800
39720
27615
9449
36267
36546
26082
32350
31063
37324
53428
44195
48604
26006
2294
31518
30764
29872
1758
8755
57863
7982
43533
26941
55847
9831
44188
39358
46979
34473
9640
3495
6088
26495
1844
12803
11233
31454
229
38366
30397
24254
57835
38755
6333
20923
61071
39407
38288
64896
30984
51374
3072
33188
26580
21709
7438
1016
44479
17793
2210
55904
17099
48196
35811
29950
57555
64702
19246
61085
4206
10304
35610
39450
17178
35627
27544
16469
15367
27440
38082
10663
13253
33772
59818
62460
6107
63779
41497
7187
14658
31381
4371
7547
18369
10130
18563
4794
27340
34990
26589
12981
17944
61574
38876
5520
39221
47763
32746
19901
29105
41742
17791
27875
58074
30643
5356
26281
61489
64504
22414
37937
24617
35902
10898
8036
7690
55478
4901
50778
387
28139
64045
4526
32380
45689
17138
51516
44986
19676
29671
28331
44906
1171
21734
65534
26840
29920
18063
62527
5975
12171
55680
29732
5703
3924
30745
55054
838
61355
54147
22058
50446
48202
30949
18491
60669
49348
20148
34867
45002
24744
39901
32147
55574
14418
42311
34853
11488
40547
866
60553
2826
9686
40743
43469
37225
1467
26988
30260
57243
54552
1885
25024
40206
39680
19419
34382
2870
15446
16457
42911
43009
7308
7477
41566
49261
17572
30085
26784
25440
48045
16380
57503
56718
11898
39058
41645
51145
63155
63472
11817
8287
55590
53690
64516
14217
17098
244
31843
38956
57683
57132
27361
52015
17563
64550
33563
55763
32578
2103
21246
1593
55080
41989
64921
54186
39732
61633
14339
2766
36325
19142
29495
10633
2169
53716
63508
16189
11729
51309
48642
63257
37476
22930
37229
26250
64702
45648
4457
54370
16129
13994
28937
62020
56908
34925
27613
57197
22502
503
21955
8721
7088
56516
32275
19519
31356
509
40925
48829
1008
46626
16548
42018
15007
36784
22309
14779
52044
8290
59664
54525
37468
58928
47947
64321
35994
53793
48064
5850
4450
18000
44689
33090
43303
28623
1344
24072
6605
9415
16793
19250
16066
17905
38608
8310
20063
42787
19027
64281
45018
694
28980
58961
59451
23348
5130
39132
62315
27838
56058
52794
32539
62292
13623
27940
46934
34922
39775
38684
37223
47952
18469
1214
22389
17608
36571
62624
10689
9121
49584
18421
6624
25903
51712
35141
21980
24697
41723
51067
24287
36958
61876
1685
7077
20745
57387
23291
16437
51763
56416
36361
19870
29546
16626
11847
42898
64183
55693
24981
16631
47300
62819
37275
24428
46140
15547
35117
15001
1112
30739
7306
36544
4591
44732
41270
31858
63044
58845
353
32185
6180
62970
52945
13265
1090
40731
37345
23963
33607
21780
2920
19180
12467
65279
19287
40258
12674
61868
56599
14407
16302
34038
55565
41813
843
23784
48787
6163
2481
32978
37250
42496
49909
53511
23523
55520
23679
34949
65115
45222
23774
58057
51218
16772
22632
49794
15497
28014
45869
36440
44090
58062
55983
40016
37015
45368
36791
32443
46181
23896
45266
44932
34557
30275
13873
17521
64089
12310
15602
10831
59297
18007
43236
37312
8618
19092
25998
39995
6368
33475
45587
44966
43191
17311
283
34603
32122
46636
51431
47832
52346
21797
45309
42404
36519
23275
39391
11410
64299
3595
55268
4837
48327
32627
48140
9168
19087
4645
35078
29804
867
40021
1219
47200
10808
4773
17771
49406
52250
63412
8098
21332
58342
5161
33760
39634
56253
60044
40854
41276
42057
55160
24102
63445
64410
1300
44433
47624
54900
37666
2567
45266
24241
60523
56092
34546
22664
52440
21032
1760
42093
51169
8295
49137
57676
38667
8501
18070
52295
27092
50373
1633
543
37590
54843
37110
27866
14970
46731
13174
9971
36656
46835
6988
20765
48581
43307
29824
39745
4530
22263
39993
42062
64042
49452
5668
33978
50036
63744
32259
22440
33788
47966
49558
47543
20380
20652
40502
62027
12021
34863
37490
37278
1378
29147
22659
46226
2741
5820
34286
22784
16733
38316
48932
17242
6701
41038
55683
30755
39293
30438
6689
32863
12020
62669
44973
11094
6598
59895
38984
35588
23415
14769
130
47168
25439
54490
34982
10738
58678
35064
11119
34035
22052
53430
64208
47112
64683
62351
33071
39912
23196
32825
57209
54661
19840
2866
7572
52897
40517
25823
37387
1754
25803
32497
26688
55650
4066
19537
45604
63815
31411
2763
51933
2058
30661
39076
7264
36216
59982
52452
59801
50255
57825
9656
56238
54571
35473
1581
49792
11648
54127
65447
19349
4120
18367
8836
44733
40469
64679
44580
40768
40355
30468
60677
32167
45262
5851
2205
8963
12185
54814
9202
47315
22861
36767
46319
61005
37005
64760
17967
5381
12685
28015
32800
29080
65185
14765
65138
59874
59821
64728
7343
42217
50468
30006
43390
62870
46588
35688
28498
47311
36356
241
52011
58960
28887
19218
51296
1451
5541
43874
50548
56656
25587
4592
54780
21484
52717
32327
57001
38515
28423
5561
57972
64183
17894
61966
42224
11926
24168
63399
50161
27050
10626
27798
49246
5172
53154
31000
59864
45987
9699
37398
62605
7667
10735
30940
49836
35055
20635
61476
42312
44282
40163
34971
1713
21777
29038
38819
62228
3722
60978
58035
59807
20083
15390
45314
42105
5398
41290
16934
62601
13064
33672
634
36071
52871
21499
1696
21343
56613
16169
48304
11864
7707
33858
44721
58698
63861
17854
59215
41746
55191
57699
57206
62467
41530
26617
3942
26956
29506
34337
55303
23293
23732
63554
43691
14694
59862
38241
25101
53137
24544
13689
64003
12696
63650
60069
40913
20157
34654
3668
19611
50513
24524
24427
18264
21017
9340
57775
670
51154
30007
38993
16789
4776
22571
24505
33416
38770
13801
10186
56305
53606
60087
40497
22093
38820
48736
36527
44760
2123
14351
50671
9155
58342
59003
48010
47254
33574
24602
37869
22276
51675
33508
18830
26989
602
20963
57563
55612
46076
55562
49757
31646
26955
61439
11976
12011
330
23682
38739
50969
51136
16595
44040
46200
62641
6657
12311
5909
57763
27654
58896
21592
31199
57329
32927
10444
39083
6192
15086
22148
39984
40004
52719
43715
13410
1598
37325
9297
28619
33280
24838
22292
30478
61272
2781
10442
9314
33024
47595
62874
23531
5632
30547
39380
41189
43271
48274
2934
20714
58391
63931
26370
3947
63042
6762
43804
33281
13492
10915
41404
30302
14199
1468
34764
36224
17079
42422
28448
59817
18011
51728
38722
36241
46571
52111
37619
63768
18088
620
23040
52795
50065
60174
56094
44263
42895
39582
5055
36470
23497
9472
19727
28628
43591
55009
63089
28780
6497
44008
40008
59929
16382
42046
30212
15096
24116
32897
42192
9650
30176
22830
30255
32661
17980
3860
42035
38754
63534
48458
51490
12157
27218
5525
46082
23572
3226
30547
53687
11725
24456
28837
3325
48212
4117
47002
38601
63358
27030
41552
9887
25302
57859
3781
34937
14267
29421
62436
49302
7487
29569
46289
10728
9090
4983
10496
47508
14128
39937
42715
63296
31974
64078
29210
47752
16876
20454
53600
39654
30372
63020
29726
26345
34445
48
9447
51657
46514
39748
48946
65137
39068
44851
38514
1133
64148
11920
11861
29898
27578
48733
47622
17717
1443
39637
58785
37159
63859
62029
41596
14828
43546
35118
32842
65473
54828
11068
51292
1100
15631
8283
23640
48058
45104
40710
5614
55488
6194
52645
23333
41508
25677
3896
30354
40546
29553
64706
4714
13322
46838
50207
23385
45132
16242
3066
10766
2904
46290
51752
36819
53887
12475
6777
7308
11456
4281
11366
29889
14702
53218
13371
29697
31979
43530
42365
25496
29232
48463
36501
8076
65444
22969
11836
12079
20367
17843
60262
17959
22874
5757
46769
57075
59645
38009
31136
10404
33270
16983
12159
10968
37691
45633
48964
21949
34342
56703
1211
41403
47749
52403
27017
35803
751
19637
36752
39677
11741
6902
56647
46614
18394
17681
35044
46487
24004
8412
15683
23785
10102
2398
57935
19087
48804
46498
35876
40677
60446
64525
19223
54773
57380
62419
18365
4957
54922
28963
1865
48644
60441
20106
11287
47653
9347
40865
6970
5814
51427
54648
63470
42844
64434
8374
44593
27835
47083
50877
49172
11661
15227
63172
2315
36385
19591
49651
31427
58304
22300
10271
10886
40825
26011
34409
56429
55084
55697
21855
47296
49003
35600
63888
34923
48099
33341
14642
8937
35271
39589
20612
12386
50678
40655
61529
22230
24800
34771
20097
57728
40399
51180
31367
8201
23213
22586
37195
62395
5978
61805
902
44885
56796
3832
15113
51725
61766
38512
38218
11215
61741
33867
46318
19124
52423
29072
51654
24141
57077
12345
10960
7924
1049
23854
30107
53350
1316
16072
60281
55033
4839
28554
36146
39014
62537
34354
39362
64693
8604
22602
47863
41701
38873
30432
48763
43441
43346
47031
65201
42222
23726
51204
17307
52425
40212
41236
15652
8174
50193
2505
12338
39385
34008
52654
25681
45260
48302
22318
20238
8036
38970
12903
37946
4805
55630
15145
28234
39757
28407
43464
27374
28555
43503
14566
56241
47726
10554
29927
55167
25950
48252
56749
39431
20653
46713
19881
52722
36312
20330
23384
43214
43366
23086
63727
13541
8627
60208
62254
54273
40803
37664
15936
40209
19058
3816
16840
39750
7571
42577
50345
33307
32784
51900
44478
9813
37858
13827
3802
12148
54968
17903
25527
9342
26608
219
63432
57225
4575
36126
46446
28218
62505
44333
49473
61855
62166
36656
7812
41141
1072
38719
15159
42204
46767
42436
15188
29173
30902
62064
61405
52771
17617
31098
65225
4884
59752
53058
52178
19247
35210
62305
22479
19898
56901
60879
19995
55564
20127
52074
33313
55796
42666
36309
63702
35418
20138
11104
25563
16443
64176
7049
3107
2804
45871
13093
10420
38883
21460
41754
60347
55381
8919
13650
45894
41425
2571
64630
26025
27959
19815
8136
46788
28429
63650
48740
44160
65301
12677
48641
16842
64424
17213
61785
16863
7287
35733
48603
18105
21430
12347
33490
26240
48171
39068
20250
21935
41791
7937
29989
18201
16221
60855
36483
61844
34130
30515
51861
32500
9106
44943
1121
27958
44504
29293
36081
34769
1970
6290
65150
29951
65426
16602
6500
17941
3703
13747
18813
20627
49913
64885
44634
27911
44303
49158
50161
19612
12806
51821
58507
13536
33074
18971
41533
8301
55978
7306
1468
46412
47225
21686
30054
62239
40666
29252
27326
5074
27457
27942
6610
44109
11920
29730
17991
23852
61163
4211
16139
28960
24569
59669
17634
3696
7497
17931
248
2569
32452
44688
47982
64223
47563
26216
63996
3342
46312
32518
25826
17573
57719
9851
36870
1286
37959
18206
45157
4017
55402
9892
59303
38565
29172
49137
45913
27790
38338
19273
14366
51143
21258
65447
6638
14128
53093
6487
35275
8977
11323
51420
11000
39299
9226
13477
26361
36147
48342
48206
60292
34649
8430
3136
18881
22104
14438
1523
62763
22068
10975
40872
39012
63070
59668
60998
16841
4573
26029
16370
12927
9164
22311
25301
41972
17012
9825
54285
7430
34911
25754
62237
58730
8771
45615
18831
44482
34580
57481
18041
17278
61291
13030
62871
31932
17515
25133
64405
21904
48569
59605
43640
5422
47056
18987
41458
58340
65526
1029
7149
65227
57886
16646
63784
15821
59513
51090
3818
2264
43530
17667
62173
2626
37653
2063
30536
6000
51174
61767
35995
53783
64354
46874
8853
20713
41301
2861
50158
17241
31974
63263
62283
63950
7580
34418
18147
6810
26472
2355
38635
17014
58877
27185
33105
47339
29386
24458
3547
21572
62121
2244
29079
32473
43491
6248
2703
34000
2815
46598
49307
350
56347
35610
31365
37718
11331
58869
55993
21153
57551
23611
36068
40656
31444
26676
39216
34997
1217
15891
50197
54455
38109
25282
6243
56822
41201
37793
9266
30013
2922
13413
39709
10975
49423
51584
37533
24314
15157
18141
49514
28197
1658
54089
34535
2973
7246
62929
43486
6655
22953
60349
63219
49859
15258
37569
64188
31700
16788
19060
50751
36631
16552
26194
60472
60779
14129
33362
20116
65284
54378
35618
48405
4132
3678
29292
29030
50851
34285
21637
32583
24518
29810
3692
62026
40363
64216
56624
19798
18801
2189
59554
12836
61268
64131
55691
24668
16241
57314
55911
44891
22512
60897
31209
40035
51935
25087
40194
43151
20834
61199
44376
63095
18982
11127
9143
59753
20606
26059
50979
64593
14988
17261
28581
47919
31216
25605
57070
26045
57662
60131
40138
8027
34925
4287
8299
5444
15414
11170
18398
19462
36239
55626
7148
2666
21812
37063
25169
1415
28029
4204
63367
18732
32758
5767
46959
47621
50758
15367
26665
25944
47851
22477
18728
9058
1245
240
22450
36099
2109
15331
18268
41966
47423
18924
44766
52081
36151
25701
29005
60811
27278
24370
50682
28089
42087
33013
16669
64851
39507
38374
28591
46636
13749
25939
26623
55534
6845
29695
18774
16845
10555
15159
31356
28240
57079
62825
5365
34577
43475
17531
6093
34973
3901
39281
27666
6928
64258
52595
26435
53551
7044
50086
34013
62370
34330
35711
18396
60132
13365
40889
22944
5956
8320
57584
16255
18054
14694
63641
28669
22822
33203
30561
2130
57970
27971
1329
19881
44316
23525
9373
16291
2292
52257
38863
14993
13684
20484
14600
50556
59815
3363
17129
10659
7890
36518
16299
47229
26360
11630
21635
51959
26228
16776
33424
18071
25744
29234
15731
4105
25623
38130
19412
50265
2548
52378
35468
58430
54042
56039
58989
6962
22980
38310
58500
9620
16429
14472
11553
60186
57383
42781
23182
50168
62755
1948
9335
4866
35441
13691
64947
43331
34005
32461
61461
56988
43746
49122
21764
43808
22256
7929
10456
30393
58832
64343
35239
55632
64660
38810
20690
13445
20310
810
50832
65282
61976
18177
53426
12400
9370
10536
51517
28678
51038
44684
14681
28072
28990
40628
12961
64905
40752
46956
55509
22293
16284
58382
37719
34217
59353
54768
48822
24081
4509
48440
41062
21733
55456
22225
12108
3605
49956
45294
3375
40464
28794
63137
64207
61248
42504
62587
54306
48271
34671
60956
36540
9396
21745
46166
21507
48533
27896
20230
39457
29221
60158
53051
26387
613
43405
32251
52896
39403
11987
48845
8392
53862
30476
16245
13227
45469
12725
51281
4006
44428
35922
49190
51518
42127
9858
42603
4544
21797
687
13891
7928
51139
30358
2373
58008
26053
15614
35755
53621
49891
7825
1820
25955
60621
38875
42345
38211
13876
50436
11165
65303
31182
54824
44982
15728
54490
64192
30212
9801
47751
53155
13296
63142
14570
33433
52941
49130
63514
27987
1888
27578
4330
21793
18618
4183
59400
64056
17911
6289
25198
12253
52314
23965
7673
38379
20035
31180
1851
53894
22336
19165
34875
65228
54203
46895
15820
39186
10832
49225
4084
42125
5833
3529
37950
5140
32497
63922
46893
43610
22259
25338
25020
14147
58749
36312
59072
14336
31954
23759
53202
54870
4625
27662
44298
86
23783
24174
4193
55090
41340
23732
48711
24023
33540
61181
9052
53994
57516
44876
62299
22726
10115
47225
36732
26327
16125
56675
48248
3787
17815
36496
49717
24242
18413
43719
37444
35179
6196
63053
41253
16991
17739
20075
4230
10712
28557
42596
64132
26909
49156
13039
53842
53379
21487
6509
21517
49401
30035
53414
50492
4454
48013
24675
14945
24147
60899
63411
38030
11418
7827
41540
53135
12443
16178
41531
28025
12883
60165
6509
18537
10108
44429
54723
1090
46996
32599
18869
30997
57512
50407
7140
43514
11813
48834
21383
26485
24383
64898
31058
22151
54066
21091
59644
64258
52808
48140
55505
59969
30821
22317
46156
12225
8670
48667
7370
46962
52435
4383
53210
21856
54312
53608
30940
50757
21845
35949
43589
8641
36804
24363
6714
36995
10660
52858
38629
26549
18732
4901
31172
41913
7678
27503
1016
45525
10197
33990
29743
61875
55376
18766
49069
12140
40286
9250
14331
34654
18197
19311
14124
5836
24753
19075
33540
4885
53882
2073
2734
6694
31736
35589
62731
64858
28522
8141
46629
10505
33988
24379
40354
5520
48788
40545
65029
53025
33016
56935
59572
11821
8721
50686
65519
18727
41982
17857
38470
24532
634
45576
63950
20244
64032
29875
20482
20710
46137
8813
62962
45237
43094
22549
46111
64475
19209
25513
3327
43602
54836
45782
12630
40963
47272
29822
53017
10283
17690
9060
41451
64607
50551
29274
13654
29106
64819
44347
349
45605
59277
57450
39218
7765
13919
17252
45296
63062
33114
57757
28630
9490
49520
30101
4505
45215
8442
24571
22955
34691
5305
44823
27207
1584
3815
61128
17290
31231
31076
8410
13709
61927
60082
58405
3455
20644
44568
17675
53321
23456
41034
6654
28455
59614
23648
60632
30435
22009
51884
32977
41739
43923
9106
26132
55739
2380
33718
55998
47228
42961
32412
41723
1123
2823
4012
7835
5701
62409
2248
14859
59257
7620
34136
25206
13989
46405
51887
24196
25621
16277
13103
3237
20979
46547
3948
10449
32834
63204
42916
11970
23629
45932
13322
34065
40875
29920
41523
48
6520
26165
14396
7056
30697
28802
54293
52182
52581
22763
52603
17025
63808
5985
22020
31759
51773
15568
47839
49350
925
51484
13148
57161
58602
50481
49026
34039
44703
42292
55190
39503
36156
7182
52539
45910
48877
38569
64171
50738
14087
14941
63591
39850
22558
45961
12901
22693
44938
20886
24635
24519
5824
43579
26031
47427
56800
16773
54634
6523
60600
11626
21468
9946
18803
54438
23784
26781
25608
6499
9954
21237
46348
15167
38247
11751
52096
25315
15334
4034
41269
11959
37706
14530
13668
50934
2797
28713
26194
30451
55324
1688
54129
35300
51477
21263
40505
40100
26054
39420
64234
11978
54390
4836
27595
63942
9865
48375
44392
28822
36065
60106
61326
10751
60880
46163
11003
3543
38908
29791
22301
2020
57616
15259
36139
51469
55609
27642
38931
28106
62872
47219
57196
3679
21156
65302
26157
55568
60511
25069
45576
62771
52138
51451
17183
25950
6687
3873
30763
21819
43748
22184
46750
36650
54261
51554
46831
55216
12201
51847
31176
17214
31160
11112
49861
63607
54062
667
58146
20455
46470
20422
40629
33703
60629
26498
12165
14841
32074
26457
63484
63415
54979
40356
41762
52614
47249
10428
40094
57358
42286
59608
6401
63973
30266
33208
47407
42177
50504
28916
25968
6888
17715
51986
4748
49890
41562
62966
13345
55948
21385
47782
46279
34366
20529
29015
29491
20293
34997
20886
19746
58392
56274
28175
10099
6815
58877
33547
24166
41921
42522
46705
45207
12025
49402
45909
58427
15814
46461
8826
3745
10060
19571
17498
54829
42268
18097
15303
50920
3659
23649
2033
64220
36409
47436
10734
45629
41472
11129
42556
5566
47069
915
59822
61192
55922
38588
54494
8598
20452
41940
1191
57112
32260
39771
51722
62177
4105
48434
46513
53980
41837
58367
24991
19196
1841
60637
27982
18333
39659
23728
6927
17382
33988
49829
46589
14663
11677
28557
44312
52554
7624
36623
16667
56227
38045
31431
20443
28319
20111
5476
25238
15919
34488
28815
1602
32865
29790
51736
1808
60420
19845
42928
36761
2883
55041
14212
38428
29642
9242
10677
46440
48650
10097
42922
32438
18011
23142
59353
8511
41197
11584
6740
17486
25825
18337
7744
58125
7948
52097
23830
23049
26247
14771
50092
5490
1666
30598
10964
2539
39783
31319
32737
29495
8598
2378
30312
33968
39893
52804
55572
37324
51584
33415
1770
51636
2457
52177
8862
24497
11412
819
33430
23274
61614
20835
15553
21650
23156
40002
40923
46846
57436
27757
57476
43982
19742
10385
30969
55558
47498
46206
20124
44676
40868
20464
32482
61153
51085
14113
56100
39895
3043
36596
39478
5737
38558
28871
42670
31237
37688
31807
5947
12535
23960
63599
7536
39500
55487
49475
10710
26182
55917
25329
55573
38211
4196
54228
22630
48263
34769
28420
19471
53696
15359
53256
2749
7205
489
63899
28069
18844
32297
1635
21777
11822
1571
8069
4265
3269
59621
19869
56916
52617
50415
65223
52316
7410
23227
25084
56472
9744
59983
64381
37669
11605
427
60549
37744
31220
21699
29251
13002
64316
27925
11407
22163
25224
30958
36095
18196
30989
36380
11223
58813
42085
7882
61856
28030
9688
3623
46768
63064
47381
61550
64284
27433
53905
27159
39789
5421
59358
12437
55995
31399
57685
13989
47173
17149
28110
37775
55399
7399
59860
45942
44640
22430
48158
59274
35188
34155
31892
32624
47548
5080
34834
22000
7126
56700
50820
54079
44986
23301
6015
32592
45048
44446
37810
63198
34003
14514
29630
56596
24757
31934
28688
34083
44100
21021
59912
23101
61214
15328
9873
32014
51988
31651
8633
61259
5459
3266
9085
21277
14728
52903
16246
7511
9242
9098
64834
61260
19642
13055
42055
8656
65503
35771
38351
31886
17585
57044
63043
3702
54694
42417
11129
19331
7400
5386
45185
12633
57158
31813
26017
25480
65436
34560
62351
7517
28544
22765
52056
34430
24282
38571
18292
9587
57430
51338
27368
12113
6454
18123
62703
1895
20999
16471
36017
31275
24937
15692
26290
60581
6819
36663
58471
41988
35433
20265
21298
44532
12724
10347
16027
19661
27695
48868
35028
54988
62206
6444
10906
6175
60984
50313
7101
58943
46270
30602
17995
14070
24915
6717
1518
17083
58969
61452
39137
34845
62121
64106
28905
2032
38108
37303
3409
57075
63740
43653
29515
42113
14825
18420
45571
10755
6882
20067
19651
59336
57601
27499
16531
10405
61484
8307
28496
50044
4867
17120
25345
22360
38570
64852
17389
20329
2996
25813
16583
60130
14156
10267
52748
41391
24043
25132
37717
47471
14189
14470
58639
63759
15753
18887
34931
13579
57049
15083
41913
8360
53136
7530
63126
61620
19596
61320
61944
34525
32524
55126
54429
23182
492
49037
46988
40283
16595
80
53750
22154
22429
19333
20599
47999
22398
48353
3434
52161
3372
747
55476
49886
43574
45734
27896
47936
60828
3975
4643
57362
54280
55638
42759
47075
54689
31119
11768
22173
44180
26449
34980
52872
42415
59057
16485
46908
1338
58258
58914
26138
58358
22653
31944
53369
1161
64601
65403
43214
59831
41629
38949
59066
47838
23147
23306
50963
56487
2399
11416
38948
39941
47011
12141
41560
26366
9175
6854
34028
5300
25744
59558
5380
65017
32856
48353
36906
62240
43634
33166
56000
28190
45124
24986
26693
10549
24856
6961
15946
12389
20100
54414
8643
5724
9891
62120
53623
62205
50398
31453
32757
38860
54687
56443
60617
63209
55369
53560
24608
27602
26679
37199
62131
51488
55527
1662
19413
56168
21323
30872
33154
32994
31759
43228
34744
47659
63665
48227
34595
50396
2620
42141
4302
11045
40816
17926
37699
34609
45859
32550
53021
23279
6583
54898
41858
31926
8011
59496
55480
12345
44829
45348
47
52768
54988
64367
30071
12441
19333
62258
13275
59633
42984
21340
46974
9494
61686
56325
2862
8925
38425
25129
14032
203
53228
56174
21871
31283
5516
10967
37139
30360
27686
4330
58558
14461
12007
27378
34457
51254
4309
29876
5938
35711
26013
36552
26662
1418
39810
26550
40100
38981
37213
58366
31215
4471
29347
64227
51880
15665
17118
24542
27539
13192
35712
52098
2267
19431
52122
20415
5903
23211
18502
51723
22226
65290
40047
21729
59505
19756
30430
20032
37003
34711
48757
35550
36000
30563
14712
29338
20792
43166
22151
5575
16380
21984
3831
21315
12176
32161
62085
3744
46785
29783
56626
17696
23862
56013
59326
20270
58304
45983
52438
33439
7244
27399
16142
53701
13723
6595
45897
28806
35287
39258
38115
13990
47913
40468
9219
36858
21360
21179
47594
39600
41412
19822
3087
17268
64902
9151
46413
7490
3055
4696
36460
29198
59497
16751
42609
65237
29462
45691
50849
4221
48943
60248
49394
36400
26723
29959
65219
46098
7004
58525
17196
36286
25239
47970
29382
26396
7399
14114
13155
10557
2725
55307
23610
35927
47788
25996
51476
59799
8990
51602
16179
25613
311
2014
42479
41363
44737
31129
26429
62267
65281
14497
1004
57297
51706
33357
8382
38583
7748
8277
15763
47305
10706
30525
32651
41804
17105
26245
18582
6694
5452
782
22021
37382
38758
58061
7083
49331
47116
49051
58520
55333
45648
8911
43920
50895
34663
23686
56324
14490
43904
37553
51802
24398
17063
64707
31839
4142
15770
42056
32465
39117
11398
63734
6249
5433
16738
36702
6289
28389
16422
31921
19479
26596
20769
39054
64779
36586
12533
43743
58862
46803
36800
35079
54822
10940
24461
59679
33756
25569
37433
39011
29681
58929
31084
58525
62635
11492
39615
59049
23250
50434
35974
54107
13643
10398
20993
57555
51283
57877
58743
55620
6138
7593
55998
28122
53346
11578
29494
54299
61950
53146
38036
25369
16335
14893
34800
11346
59717
56376
58736
27184
60885
26989
15301
25486
44481
14995
13702
53855
56424
8404
9168
41437
64575
58734
24197
27346
34751
30995
34549
32983
28415
27767
35567
20171
25679
28279
25962
22642
19252
63756
14633
25915
19306
23903
57200
2851
30803
40723
33951
14688
20660
8797
52303
32804
47151
47346
41254
17356
29576
59609
28601
35504
17847
54419
52794
37514
4085
11436
49326
54328
13991
15230
10054
19063
35434
18389
52552
29742
28008
36567
59991
64795
25594
49717
44486
49262
28551
51556
19086
43860
24981
37459
9936
63491
13958
37869
28356
11367
19667
29447
64657
44767
60524
43309
3334
50428
26364
21146
34083
43438
21723
51933
59128
48498
28105
2067
57085
5379
18461
25429
61621
63496
56597
44210
46960
60263
54919
45025
57587
37216
11804
60765
25454
48450
22646
27982
18778
1953
63683
30812
37564
2471
3265
30650
14752
36337
10834
7395
61461
28159
34745
12021
48154
7267
61719
52614
18070
10843
37564
28635
15604
11273
65196
56573
11528
7898
7810
30601
47368
11417
29647
45361
15988
60876
12791
494
65303
2997
20191
12634
17641
64076
19535
40235
11857
25978
35105
36349
5888
49541
28233
430
26752
39392
62626
17685
36498
6958
62157
62308
44715
22253
29103
36555
6926
7405
41132
49767
52318
41685
43144
27377
46447
48075
65011
14775
43807
33030
29578
63746
12531
64168
7780
24343
39226
52321
12354
59100
7197
30647
35630
40198
3587
44677
623
20740
40387
10991
22023
1829
48101
26957
36963
64317
7253
39354
48132
56188
51259
26638
5838
55957
36814
37783
25902
52287
47377
63083
18099
37382
28548
40236
22059
31570
63820
2882
46677
30471
26475
2028
37396
6591
62405
4205
33866
49424
16254
936
64245
44679
12925
12389
4580
37646
63586
40332
15028
5488
51831
22258
54497
14414
60425
31803
61790
22359
55208
36606
59218
64102
53037
64367
55602
61312
41655
64465
40032
39767
51849
15151
50816
41854
10355
157
40015
17112
60119
48394
61176
58208
32824
47081
19443
29636
35219
25195
55515
43725
5706
9538
2425
49946
42477
27891
25245
7279
15687
35655
11242
24100
34334
26585
50615
37036
14331
119
51943
10335
18290
57079
28075
8363
27860
22447
21530
27045
54827
23475
62409
29088
61101
50203
22882
60683
19361
5760
39507
34960
53357
28891
36679
57995
42862
22236
1314
63748
5438
4730
22791
61843
18579
59287
63212
57722
50022
206
43638
32276
6358
22462
21258
10470
47486
54326
5040
30636
48309
14695
38330
11396
21711
56817
52505
32009
43543
3563
24068
49244
49510
52868
53815
55367
35907
57662
56975
32103
21778
47371
42341
56596
51293
1985
21045
16317
23135
56740
14144
48142
33679
14020
1841
14545
10548
20258
15691
65259
27176
18898
65162
59911
61743
34916
64624
44149
44016
31573
11923
12864
10678
42273
51919
23130
52865
47557
45509
36493
58076
30859
10291
8883
8662
27108
19677
43474
26164
38297
14144
29322
13668
12319
14385
19483
42019
57512
45953
61349
11091
43560
51274
60737
17990
47404
15402
28619
39008
19443
41469
46632
8097
8396
12420
15652
57351
22543
50872
53260
31911
41682
65118
42377
49444
4710
98
21825
40722
7865
4472
64508
65163
3264
58949
64398
63921
46826
46318
44905
41245
6630
28659
4495
15178
60169
11533
63363
20397
41630
43456
40874
7833
2802
12560
15247
57162
29026
27771
13365
15651
19949
37013
57417
58140
37945
15233
65377
23089
58596
4003
60772
65125
46050
31224
24161
56741
47501
11882
63941
36973
25518
2205
930
18643
39548
22666
40210
38129
34680
38761
56130
41020
33723
9297
32817
11199
39913
55166
11570
44657
53279
25584
17452
19739
39599
60137
48189
44919
53220
48853
61891
1263
27290
3257
42881
56502
20106
27473
47098
14555
58283
20111
64656
7766
30160
27691
13844
11126
53754
6556
1525
17570
22248
35920
28102
53825
13514
5379
7137
21420
10683
1065
32880
55110
16918
39181
62302
39855
989
20273
6591
27016
940
2647
21406
28557
29332
35947
37674
35780
17536
10525
2879
57469
16851
28550
17290
45368
55734
46813
59482
54641
60367
44197
34774
30298
34075
58260
44474
44998
56960
61092
41844
17816
17068
52448
4025
16108
29157
1097
31412
27660
54224
39604
23217
36982
47663
1696
47508
27690
30947
18716
50605
38520
61086
13219
56501
17328
43204
1907
22630
53170
56278
49544
3958
13722
13559
59019
1864
25980
12432
52860
254
22163
59622
42063
21300
53829
33512
49097
5323
49556
1805
31785
1857
11873
672
56725
16086
54617
59156
13020
16542
65505
11006
13856
13055
50730
31385
48162
9898
22063
50464
57847
43470
2192
16440
24019
10861
48321
10481
62165
32322
3450
28228
7896
50335
17729
61333
13032
19849
32850
24729
27244
12476
15792
15117
36759
63501
44262
5925
50896
54514
47098
53181
16592
21871
34107
25016
23913
37534
57215
36702
49382
14078
52153
46692
725
55473
35292
25042
10585
51437
24658
38336
50648
1277
15130
38449
22171
32832
15653
20296
1780
46777
22223
20349
9905
46271
28200
5588
13044
28163
39362
27493
61532
58379
61050
36492
26013
39339
9541
54616
56410
8416
25387
46424
58963
623
36148
39426
52386
53853
17556
63994
23514
3042
14743
47867
11067
16509
30472
64956
23999
437
56941
36326
16766
44239
8198
28243
26037
62129
24972
55966
32158
2456
47261
17380
45937
29082
4645
34342
36619
18092
55649
34085
15058
60800
3864
30708
30856
3870
42340
15239
9658
259
39441
44245
28730
59319
42540
44193
33776
50759
275
9727
49914
57002
54852
50193
24408
5016
47572
36363
30100
44473
63814
56015
45138
18447
346
6721
7617
34042
26361
15518
2996
7372
15082
5488
62861
9117
43252
23239
30550
61761
45247
57880
28941
43746
46168
48486
17982
29725
39266
249
13423
47110
38729
47487
26147
39259
1358
20531
22235
57638
59828
55907
44315
8685
5975
20312
18512
18793
63430
49017
49821
41040
17652
43598
42284
45477
62302
18845
3223
43647
16897
22502
7554
17215
13063
32159
11935
7135
30942
49092
28049
64697
47494
22201
47045
34523
25989
59655
27293
15766
15178
16645
16395
33128
2304
15605
32337
5120
40502
46214
37726
44298
57190
31425
28578
53126
15547
35027
36962
11098
18925
37958
6509
60476
38602
63534
17792
33937
61020
52519
195
338
37591
29464
11787
32742
37679
8459
39568
16496
36632
54086
51207
50683
29300
57861
54360
23000
7667
64646
17233
19834
46811
23907
35679
14083
31763
33502
62769
38289
30573
60199
47339
56669
18598
5989
37251
6087
1051
38302
39770
15431
17720
26437
20320
18612
26331
23330
38412
6408
45585
65173
40382
63477
22943
53321
36477
9092
12563
3776
36896
56167
17991
3786
22367
16514
37420
8731
56155
25403
56219
22733
47583
12922
30357
60004
40977
10750
44763
30522
54023
26106
35910
25030
24589
30404
25639
5427
9932
56460
41843
15451
58724
9608
52823
64515
36482
59463
13995
5019
24383
5998
48175
58364
31281
2998
21207
28721
58778
54784
17943
27440
63278
13891
59488
19293
53869
48397
39971
50748
10977
61532
15379
61806
7356
17420
17286
31409
10464
15955
19305
57366
37851
5693
53211
39038
5469
16062
306
60986
42017
5458
41814
16722
27344
8989
23063
65134
47232
52190
21929
54444
22069
62139
29264
52425
40026
11502
57701
15937
64289
28150
11499
34125
40852
43425
23770
35175
64311
17741
3908
26270
41644
29253
19688
32409
27601
7336
9329
47955
22266
59064
46929
18498
18860
35242
59752
3273
40932
36763
11686
62064
1202
9105
25312
42111
20231
50539
63282
36427
58774
35730
54010
3550
44038
31093
34921
7161
122
61589
13479
29057
28580
61450
31469
38015
26312
20414
4810
26462
39620
44755
32616
54633
56330
33877
14790
17755
4373
21880
12486
20101
22459
17676
28324
10851
61696
22503
65181
53653
8272
22427
64143
4328
20936
43889
56007
26073
45888
39055
61199
47241
32997
49598
10943
12453
37882
31199
50356
37207
56595
47719
26633
61131
20023
51706
55018
18616
64959
17995
43340
19554
8681
50047
32783
31959
13598
34865
20208
16554
40158
6483
31963
28166
33776
16330
46272
41969
37901
12026
6616
56506
3796
62097
58911
6915
28221
28662
355
19776
5658
47140
31078
52443
17196
15195
64650
13330
24805
8344
44490
39835
47300
52617
20140
37943
10721
47393
20250
63464
54258
11124
9036
7640
28205
5339
9658
46174
56010
39665
21828
45355
15308
4912
7914
5404
56788
42714
33356
30844
62234
53796
7480
43236
47618
35913
34924
22035
30233
30595
35888
33348
5925
52850
22111
14730
18514
25083
17479
26275
1227
64478
34083
53665
65374
29843
53037
38604
29753
36198
51772
58140
52330
44547
28190
60052
41901
32371
45663
352
13581
52499
53215
20428
30743
14058
52381
25730
14170
51706
38311
20234
47430
37523
36474
9990
47496
14469
42105
34370
44615
51970
40170
12004
49711
44277
39022
52386
42192
23789
46502
6559
33304
64508
600
43412
36253
14365
54533
11918
24102
12754
47843
64522
47710
57582
60635
50836
65513
32717
6555
43896
64489
51100
47721
52847
48975
50003
50615
25299
54750
1653
8968
9721
38179
56287
32455
65515
60390
56300
29817
55438
23635
32361
6555
58781
55541
5045
49982
61988
52883
59615
59390
20634
7652
2259
62222
26820
51118
29848
54330
31895
59597
2821
42381
37639
65155
38312
52232
47919
23677
28999
1134
13312
13408
47111
59089
33708
28741
39176
19317
46998
17221
13220
32810
10548
9120
29935
48487
36321
9193
38576
2384
59406
15735
25670
65027
35736
5378
29768
15929
60790
26002
45143
6966
6029
46134
50594
7775
3550
14196
16180
14840
16814
56695
17065
64299
17302
44348
56654
30314
24468
65052
38408
43253
36429
24221
5082
14695
62132
529
18208
18534
3008
13779
24105
3415
61423
46359
30083
45211
40186
50329
62377
44536
47905
30861
42151
52448
41429
29547
4676
48814
38749
10806
48578
127
45177
2449
41759
38330
20136
50021
19105
62
57502
52819
45292
297
47809
57155
26220
46833
14177
20771
48890
55965
32153
2525
45397
64137
5770
40771
41556
37511
11665
23633
9598
39705
14146
9324
45029
7878
9714
44625
32564
9620
55555
33954
2600
10761
6268
50906
49272
60525
18409
34400
60675
43856
56516
28983
15065
55232
48738
8275
33837
58887
56302
62404
14926
142
11885
16137
3134
25965
12391
63872
11748
2155
55173
61325
53704
50319
34513
11147
51815
42106
13231
22414
11009
6986
28767
5241
19363
16184
49474
33067
38054
56222
6678
60392
61270
57130
25017
14664
18992
28959
63843
16899
11392
64649
29259
37750
21750
35918
8464
4540
55224
39834
56245
11416
39317
27796
42231
64719
48669
4734
3321
53638
57544
25688
64796
29577
25218
11597
61131
25647
21306
34005
29707
26795
31143
10895
15641
20988
26429
14911
57359
20034
30679
57646
33212
62096
46250
21647
26807
48160
25831
56978
5063
63695
57947
51878
9050
18278
17087
50800
47484
62791
60100
34039
6369
18073
12004
32169
59761
65007
62358
62246
18232
56663
22360
17516
60484
18147
44531
45976
38915
57944
64996
30602
7545
51856
40388
52352
38351
37291
263
12805
56583
13168
43859
30820
14354
57521
15663
47553
65016
25214
63625
27783
53894
13866
27279
4007
29761
49640
59221
55283
36506
58203
31899
27659
55456
64140
9250
45500
2732
53189
1748
18697
6482
5128
18054
15389
48331
5096
29684
34816
53701
13208
47682
40997
50374
4134
41730
51475
17443
48726
63632
5112
14065
19981
61387
51688
17887
40526
39641
58198
19290
3026
12054
38281
1246
19930
5107
60347
6084
34559
21654
