31846
31861
20285
58728
62428
33120
56462
21257
3432
47289
40303
28789
30299
35472
10190
26710
53366
28041
25576
20951
19615
29683
62365
59676
37976
64632
9620
52741
44661
42080
10282
37724
853
63318
21852
411
59046
59985
28031
7170
56858
45332
267
49775
48266
41565
31365
61818
52240
10955
53301
55276
12326
49623
19403
5946
3263
1326
49725
26195
12507
10239
57723
57538
37285
61674
24263
45461
9138
46554
13021
25265
35253
21376
34414
52559
40728
19070
37877
18287
64622
17173
58649
36099
3419
63457
12725
1733
23054
34795
26230
60597
41497
17824
23143
83
20188
38309
36504
55203
23567
7930
61338
54760
17471
33823
50566
4022
9678
9405
58357
29124
25061
4577
33391
29511
57003
16072
18320
46217
48679
50218
54728
34580
31743
55715
18937
32930
53557
62985
59382
63846
1376
55676
9410
25104
4186
11030
35921
58824
3586
33117
30538
15645
37040
63761
40845
65023
55685
35197
12863
48632
59893
57453
45335
42785
22033
22374
13029
14162
21013
12363
53562
41151
48725
38399
47987
39477
57950
65139
52497
23763
30257
24628
38795
26125
2944
63100
48911
41366
20361
21825
54760
58645
61456
33476
49421
50811
10638
48897
10064
43554
35278
5192
39777
48164
46824
25611
10589
62294
47741
30252
31232
15229
13272
13159
47543
7902
36479
62720
40485
45842
30191
30998
44011
51462
29339
41052
15498
39962
7558
1706
18007
27108
89
18242
54818
17295
34514
37817
21761
14522
64653
44885
18002
34789
766
7060
47933
47190
30210
50055
25653
50187
4392
60790
36059
59943
299
58604
32842
94
19058
30960
35132
26696
63125
24875
10840
42823
26122
20526
27130
41447
38727
25101
29303
26884
57390
36874
50839
15444
12101
26972
58292
252
28403
9940
17566
52242
1581
40748
39499
25933
32527
25441
31923
31713
49752
54639
17080
37631
17056
19137
1733
29525
26156
63440
9898
50878
21714
61437
63627
2431
62981
34049
18926
27756
20522
63283
43030
15676
33592
35764
7977
23018
14288
24287
46555
18858
21494
22404
43686
14058
26172
40817
63623
41084
24906
27748
14997
57172
55550
15073
58096
48343
58270
13829
47137
46734
55775
30907
40529
34646
11155
3860
49294
62491
64668
6592
43953
44173
18567
1615
13659
46099
42320
39266
12769
51681
11442
2269
47806
62166
29719
21976
16981
51541
32950
46670
50834
32728
16818
52783
42977
26039
35011
41255
8386
5465
3564
34327
7974
11982
52955
52646
38094
12814
7364
41821
12428
3504
36388
38774
64664
39025
6876
32991
37945
7314
63111
43505
24554
55156
32703
41722
24129
12427
45563
7072
40125
51074
61020
24971
9115
28159
13190
13241
61865
22294
7145
401
31587
18570
54860
51354
19597
974
20608
49520
18111
44171
27396
52706
15832
32190
39314
5828
11189
35091
60799
3581
29810
29168
12220
46471
40024
52747
35332
49018
34559
48276
42212
35375
63674
8267
50961
31323
52038
24026
4725
52729
41099
23353
28663
12482
7681
17377
5209
12291
15260
47868
42344
63295
2541
56318
62158
65159
43523
35905
12276
131
24863
49428
9181
36213
39789
11584
56298
16651
55410
3470
14392
54218
45600
29547
50182
46430
23489
61431
13973
61379
52622
50854
12994
13955
7179
24486
60089
14214
52716
52154
22308
16981
27989
59498
44334
19570
15218
17949
42140
6347
56934
51499
50304
46604
39421
17488
6739
63943
28525
46918
39913
48965
30650
21608
56549
27914
11174
13448
14618
56880
53056
14923
18644
31327
59023
2032
64743
11335
10502
15481
270
43517
31169
50322
54274
19891
7618
30264
48337
12387
38334
17354
61520
12715
52934
59700
22013
36154
39593
41403
19877
22659
59518
10043
26535
33408
41997
52215
36082
34708
26171
15215
33140
23542
7843
54157
32286
5290
50266
52308
24524
27710
12983
48789
36566
65212
37525
5462
27258
27118
28504
43771
55466
13854
33602
65015
53366
59474
50159
7358
9021
13172
37762
30619
33402
48791
7161
62494
8777
25881
26617
26221
18123
45114
9200
9024
31950
57090
26933
1752
29831
37359
21900
45597
16964
2695
47379
39449
44277
41894
49347
12330
1879
13250
52088
43731
2747
51378
64803
32367
35226
41956
22152
31742
24938
1662
38028
43619
64313
15677
55996
14919
54243
63012
28467
64110
26443
21198
18402
61925
56464
31392
9181
40466
53837
57260
17865
58931
52712
48098
38909
56994
51777
7616
26500
60516
5179
4195
45400
13915
42000
1721
34275
35675
61992
14268
15717
38177
50207
31169
31268
32199
20016
44745
59404
58792
1394
19385
33100
43018
43232
47388
9760
64988
42689
57265
41807
35166
40763
47526
18561
60632
39497
19912
18123
1107
13055
32612
53642
59375
21265
64320
32008
50102
23740
30666
61247
55094
27001
38752
41036
37319
54399
45867
65152
15558
16893
46734
44322
29536
33068
37200
42685
4218
1341
52896
29706
22327
49783
50318
3467
20993
23282
11560
15103
20162
53241
16397
39022
65095
24273
49661
40466
49084
52093
9958
40600
45280
30527
9630
13238
50663
35349
10741
62910
48687
65380
41923
28823
4558
2781
15722
36393
32519
5129
2086
36098
41014
59768
40560
46762
52232
34545
35866
7301
23442
11957
27708
25385
64219
37678
53025
49393
57780
61093
15231
64822
19653
23987
19130
52851
51120
37139
39401
19087
30764
11721
29617
59456
28944
37166
51313
26558
18945
55512
42508
30020
8033
26104
2519
38453
12805
34630
54254
36386
28266
23937
15809
42411
7412
26622
32978
36782
6864
10383
41603
1565
24747
3756
52048
62572
45713
55054
41529
60329
16477
34940
53016
37221
40775
1160
9752
45108
3203
26317
14681
36920
42658
47062
35474
24437
38816
26409
56383
44211
19508
8326
23005
38570
26918
52722
7922
28164
52474
26045
27320
36758
22334
52196
38155
52359
26699
25892
55031
64368
6643
54939
33572
11878
37251
17453
18657
9489
2875
3954
50466
19078
33851
60577
25569
57480
42175
48517
43121
31961
64526
59627
34447
12436
23548
6533
58396
43741
10871
22881
5604
30777
58221
49411
37545
3610
17874
7831
55305
44204
45799
2874
61598
51249
31611
34407
13969
51629
21802
46225
15303
25726
43304
51396
58749
9199
37498
41647
20822
63269
39371
57017
42480
17478
61396
48263
38684
62994
1463
2196
34741
7481
2233
35794
6707
35076
54911
19147
14312
4529
45274
23297
3241
40508
12338
46567
12124
22741
55390
9482
4611
31670
35117
31166
22052
11627
52842
38766
56036
8980
28148
665
4176
47112
46052
47029
61653
57909
24033
10173
31268
12319
65512
38914
9628
51002
17298
49
58147
52929
29201
41098
43010
225
47569
43415
63359
36512
9609
1663
24891
24326
57471
19632
41149
18897
53081
24717
50022
31718
60613
62722
25322
12358
34853
30998
50346
8241
50979
7939
17542
9312
88
32401
11660
17491
34941
39597
2521
18050
58510
13411
4549
21859
47680
25590
1915
12062
2728
50517
9297
111
34111
9317
49943
54636
7196
51776
42926
56705
54392
25629
30302
1697
40872
50973
60990
57885
48996
46115
17336
21268
8737
41959
45452
17699
19657
60035
46226
4021
35862
57859
63604
21620
20193
3532
4529
18150
51848
58960
24887
25598
29274
33298
8372
15772
16838
3346
15448
45292
59735
36647
29867
31965
1453
63545
27731
55119
8253
48807
60388
17090
56511
18593
54395
27126
6294
45998
61790
57428
31799
43297
14978
64548
11838
50093
54657
28676
46439
23939
13985
24002
53401
32692
20115
36524
60405
25661
56282
19088
9398
4769
37261
27957
46665
895
16044
39411
19075
16182
58073
64918
20990
56668
64407
20167
13953
9390
23819
15536
955
20957
11678
54256
47926
38310
19652
56348
12133
21237
40539
42933
38
62345
19149
47981
3981
40436
47860
59506
18694
14420
37887
43435
52752
5290
9207
54746
26052
22644
35228
39141
16577
5997
4929
57224
31319
12838
31469
39064
22751
22210
40651
20689
47694
55815
33357
32764
50211
51389
45321
6645
22939
55008
64627
33561
40861
57108
48272
15958
59783
64932
60099
25149
39516
11454
56644
19527
6211
15348
32490
16939
19340
51690
39706
1336
62917
559
54924
50848
49507
23337
16592
43432
25983
37021
27255
15867
22780
8570
2731
25342
14343
3739
56406
20765
2691
2088
3094
45280
32952
46140
23108
57629
22493
47667
60377
4505
53032
61819
28382
27647
65096
64701
33731
11947
27895
13141
8825
50332
62563
21475
9839
9306
8215
3405
39108
21582
25920
52594
42742
58963
59269
43682
46318
26364
14761
12327
64589
30423
12363
43428
787
45742
22697
44479
32516
11712
55967
43224
54753
5282
53976
52614
28463
55354
4154
32726
47856
43720
16777
54817
49900
55529
49139
41199
7316
16134
4829
50895
57053
43216
65167
2209
952
63155
6554
57492
19425
20626
39551
22449
44838
25218
43122
51888
20256
5422
49363
37343
24849
15633
5401
31428
40333
61299
5233
25587
1498
30045
14005
50886
62774
24864
35859
1714
50586
60138
55954
21381
33458
42482
26407
17379
57884
18200
27432
11354
17624
60680
20644
57339
36487
8942
48322
6255
19800
30822
23599
47401
2278
36088
29977
62008
63713
7165
17717
5322
34559
44215
43329
14946
53288
19628
21629
61968
29965
43451
7468
20871
47315
34035
21081
61537
54713
25239
40521
6367
33458
61670
14636
6056
26616
25951
15179
6961
19612
5812
25351
7338
26285
55719
18954
43631
39289
1747
1227
199
53207
42196
56087
4573
32742
50784
62683
45821
50065
2019
13451
44338
51548
26758
12267
41510
31418
49034
21795
3290
17290
7628
61457
48176
14077
61505
1602
41603
26181
63580
37463
34946
55377
30917
57027
64175
4759
11486
30197
53967
47949
3034
11571
54990
34704
6208
33955
64472
7273
16561
61550
11663
47061
8264
48404
30923
2729
19620
53250
28095
39593
44934
55209
17184
40509
61707
11577
751
4122
59917
19518
30026
5377
28304
55334
53360
51
60964
58426
39657
46627
16619
4245
34312
16413
46975
41139
36446
31884
34500
59068
854
45298
43096
50793
62007
23743
39869
37154
37459
63627
16290
16531
17124
32554
25423
17225
13051
31989
22497
38990
34135
61128
59862
54434
36129
32801
28452
63103
42259
56118
45341
53338
2947
36179
25471
57592
60177
38690
23356
24214
39977
64701
7079
21346
18035
10079
61036
31826
50226
54613
58177
12857
22210
17263
20714
20175
37325
42564
10663
9235
20917
64524
46248
20164
1766
15225
50032
9435
43704
30892
34944
51559
11815
64918
25764
31124
30037
17355
65438
7737
28601
10815
37043
39554
36734
45175
32732
2761
51752
6237
43043
40739
33381
29753
56455
64645
10078
11576
36025
47327
29440
8488
9131
50140
62445
35080
65255
6447
65349
40681
63843
15972
53413
27337
48009
15727
10203
40991
30449
14265
54142
31687
22517
39144
9712
34303
18689
4461
52960
24064
2008
61064
12111
34552
46517
43701
32395
16796
11347
23468
7561
50751
12367
10499
16101
48313
32429
23043
60430
44599
42067
26364
22305
18312
14629
57341
52092
55067
40536
60048
24697
730
45723
1889
45282
31444
56974
30192
51510
15286
63881
7445
54780
49664
13654
54451
22865
46549
17570
54684
29737
31358
41537
53241
47890
2142
56240
50254
61472
57890
45142
54634
52218
63531
15770
35683
43972
44606
32797
7716
46371
8814
31697
53298
16702
31915
56869
38521
35523
59577
64100
36458
63715
52287
53514
36129
13995
13725
36423
291
11090
35632
33138
5788
47308
55855
54908
14224
7808
33230
4675
2940
8621
557
28347
44515
41635
10154
32218
12224
47831
57849
10963
24443
33253
36651
27840
13418
43385
3289
64639
13614
20118
47263
37469
42299
35549
49427
22599
42017
24571
185
57134
5935
51686
600
418
24129
9925
65429
12196
52276
26768
57224
45792
37322
11634
5649
36732
45167
41242
25519
17404
11057
61381
7143
24732
772
60013
18283
37199
24800
44970
19994
15768
21068
47994
30922
23737
9450
18002
22357
6341
31094
43101
42364
58563
36321
44281
24727
23222
31314
50676
24607
48007
48483
35699
30301
50448
21647
57585
36824
56845
22364
44341
16717
50038
13443
32495
6282
42928
65127
32164
10310
25606
38122
62764
34021
25676
60368
46294
8392
26111
15241
42011
31942
4519
50970
12760
19359
3901
37470
38742
52096
11354
16427
42746
13886
39041
5872
36041
17589
37969
17901
40411
3534
4989
5422
49682
56785
9142
49405
55033
31981
10501
23358
49826
64166
23529
13414
56789
15377
3495
41012
18213
14684
55519
27637
11073
52911
54951
39759
9639
52292
30338
42813
4245
49030
39636
19391
62387
49178
2321
26603
186
32187
35694
42509
32015
65138
27592
12596
34638
44930
9578
23504
5226
52367
20228
27974
34604
26751
45009
1805
57026
13130
53075
13117
26012
19892
24779
15520
18612
27059
44936
40818
46685
16371
17889
61383
59966
34231
30312
56030
61691
27041
19213
26534
56540
14144
12816
10496
12516
15739
30740
27420
60228
49434
32911
989
7721
14361
51843
21589
50132
63047
3454
60912
57222
59836
23791
19122
55869
21304
3027
43876
14764
25133
23370
7372
23073
42451
57425
11049
65274
36525
46927
52792
492
46387
655
47330
37828
48734
17920
39877
33002
53828
31646
59758
17514
10276
4089
40823
42657
9599
5974
29253
39391
38986
34913
50995
37327
62425
34659
58104
28985
39027
58348
16641
28621
54645
1900
59609
5523
38239
2758
4478
15131
49205
60179
30286
43387
24507
22132
42518
6634
14348
38442
8419
6591
23412
32928
61483
1466
40780
36220
37009
55584
28112
38417
51486
48764
44401
17434
21944
13029
2768
60515
40517
800
41879
44986
4732
59348
38810
43134
15383
13479
38756
38784
39303
62947
2682
4730
11953
25525
4000
27186
17213
25953
61811
61127
60615
49467
43177
40619
29986
3461
31321
13226
41297
30770
64166
28852
60408
18715
18830
63896
62138
31958
4539
41694
35989
17483
63135
25250
54122
40605
40914
47744
41614
16733
50749
6333
13092
44682
20995
2911
43251
22450
49479
54076
45419
54821
59467
40354
35317
44196
1565
29254
44426
39881
36933
64109
39907
51754
64321
44814
65264
36196
41304
17291
4247
47060
5206
15241
51214
23437
33445
59191
45058
26062
40453
37612
40848
26162
15764
51502
58186
25200
63012
4589
21013
47126
43329
62417
63920
29027
4808
10811
43859
44341
27583
4486
32839
63102
32196
35598
34539
34731
61827
11905
24491
6962
54494
29782
45616
32015
54084
4544
8046
43280
33004
22485
47298
14842
61900
38215
15839
16843
44663
59172
60644
43415
48587
40629
20506
508
60831
30061
922
13076
34295
4690
10586
15647
21068
50749
33900
20534
29433
3003
52326
28865
6656
14338
59988
35607
38193
53346
46879
52255
13619
33512
36049
15812
39489
50836
28712
48369
21795
60357
50374
7910
61349
4307
55848
21253
54094
48858
7073
59548
9333
45337
21062
26423
5904
49750
34479
52080
22456
63252
51204
18350
37504
15967
40397
59863
17147
23633
37546
40021
28473
23413
29557
52812
45545
56367
49724
25479
42884
50428
18304
25403
35702
29778
17373
36875
12760
61272
9946
64757
54607
9070
13985
42894
13673
49401
14691
40289
10298
47109
1886
38487
59544
57172
31873
12954
33983
5776
36
61688
26458
33085
6836
19009
8632
4176
58870
60424
28945
41403
44168
2673
18556
58586
54083
37357
18673
26056
15361
57011
40547
62582
3078
60011
45298
48616
11468
4838
37889
36826
29474
36964
59436
5668
37750
63087
1365
36924
25926
44322
26365
23115
61405
19178
49790
13746
25814
43754
9954
26164
57848
54101
52803
8290
33249
30519
7206
64961
53412
47379
19640
44459
64201
44653
61712
50464
25714
4452
45600
31271
26485
9817
46211
18554
8128
62712
55876
40173
54647
25155
41970
37756
50342
21441
10036
64152
54994
5787
57735
63837
20894
51432
40090
54929
43067
9883
9179
43968
43036
33598
9845
38659
44257
49948
53530
12904
45031
50100
18341
14312
32896
31070
64767
12775
46385
24254
12995
55238
50320
43685
5367
38430
21336
36784
32997
40642
57650
29096
62759
32401
11284
28529
34606
28807
10272
10809
63094
49418
58050
59076
38561
38854
23231
32672
35737
13532
49971
61806
60039
43481
61492
55868
52087
24002
57824
24152
52570
35028
808
44424
62027
18296
7356
24635
56615
57818
39985
2116
24935
50000
43840
5828
5950
60562
56233
54355
58682
37866
21451
29248
4227
28486
11498
2879
58734
50021
34076
38339
37976
29827
62809
24367
9342
15630
22610
18015
33970
11071
64685
40236
39275
6142
29302
36446
31717
7610
1670
6955
16852
7803
11758
13216
37627
33262
10295
2935
61387
42878
26584
6497
41390
53619
56201
32439
14150
23761
34720
17536
53689
18563
55630
592
57981
25293
17606
39573
61617
53509
33316
39938
27120
62010
36480
58117
59800
2726
27786
46418
42358
34933
47622
11336
19494
35866
58209
50044
1042
12462
63241
65159
41637
7746
59493
22189
1477
10349
48405
58109
63134
53853
928
31926
45011
42007
8187
44013
23219
42890
50193
58784
34952
9448
54368
40781
15247
32095
47096
35642
9747
12386
13125
54249
15541
17045
23877
56780
64350
19145
62082
15971
40671
43130
24776
5737
18552
50830
15898
34503
60104
43936
13400
11948
36369
75
51659
12218
48643
3729
28482
37112
51484
22711
6761
52355
29093
20894
24670
29891
40689
64944
15019
48139
8812
62846
52164
58468
29339
16015
37103
33234
14911
60499
22476
58035
63333
41809
20918
42697
49808
52118
54592
18669
25312
18356
38629
52778
35755
30067
61592
8464
23894
34562
13357
18856
14018
25929
6045
47565
5710
43864
9566
57779
6088
29472
1796
29411
14211
47841
50123
33231
58866
6091
32345
11786
4508
65301
59179
65284
13675
5631
33801
6689
34749
30597
15881
55524
55415
56949
64818
239
27953
61984
41166
33455
16303
31116
30655
5128
23551
30004
5816
4458
54975
32474
26676
43117
59452
49679
53513
23499
60191
41490
8581
17763
3750
12518
33515
11612
4644
50721
25712
64825
50871
57088
53564
60146
53502
12663
59122
11152
54939
34155
65482
16181
1238
42649
18685
7622
17209
61938
50110
40312
31945
35669
58732
9899
44586
50708
57060
45198
36104
4521
15938
56957
290
63512
45960
41305
1995
55252
2754
39453
3119
35787
46712
47663
18395
9642
14374
35005
33969
10923
42424
8448
19508
58974
64657
51070
46881
48328
33912
48206
22923
56647
55742
11210
30834
52009
46574
62392
7939
42083
36961
3292
41794
19031
62506
58860
62273
36523
19958
57457
65042
63840
51578
53248
33151
36869
7628
49121
29722
62655
51106
37134
5689
24349
37790
57613
33371
18622
51815
43205
58107
37038
29838
10289
62990
5946
49141
48060
16029
25336
62070
14424
13738
57400
19193
11897
44352
44212
21271
13907
42585
8967
54272
40472
2371
59886
64190
9948
56168
45297
24184
64818
64672
46800
16098
41480
63086
57915
63092
58000
22690
60168
59661
15532
57107
56820
29835
51805
64355
38989
15249
62580
53635
49812
32453
2525
16800
54233
8019
41595
44080
50025
23957
52334
62676
18474
46541
5352
15338
7001
43539
34654
37696
28951
37971
28334
37438
10477
10521
26033
258
41792
28296
24057
45812
42412
34925
45310
16977
22734
48676
64066
42951
56681
23793
27163
1495
21780
9781
6201
8230
65304
62511
19071
48741
961
12087
21186
23990
57129
31084
17668
2399
18571
27625
26106
21770
53602
59104
38900
61306
28777
30989
44271
49479
35409
25965
52818
44208
3838
9583
35001
42037
52687
26505
24644
36689
60999
735
59143
7885
54099
24442
2195
59293
42525
63992
39366
41100
61471
25325
28667
37455
33739
7997
15951
52158
29717
16467
54347
14586
30417
39817
11417
22200
40166
54632
1351
9090
54041
49804
26578
43610
55051
36665
43037
48581
13053
20766
4723
12018
49330
10133
50644
20964
10709
49936
12128
47006
53819
10411
37252
57794
21804
28821
4767
55755
26657
10776
49942
60010
32790
63620
1781
50450
6760
42450
58007
27156
60133
25834
41437
27253
57308
41120
35877
29316
55110
20957
13865
47871
26339
60087
29409
58237
57422
52053
60885
56738
7363
42888
55753
34353
53483
48946
34447
7895
32504
30146
63374
25589
64452
3051
62610
56272
5936
9276
11638
48728
35755
28797
64267
497
9124
27438
39966
48948
14212
61326
30417
54997
62114
7385
23625
28989
56361
50201
60634
3703
37942
4259
1373
23746
45824
36622
54924
39112
12114
23232
31807
42633
31538
22047
11992
47809
7722
8961
60003
23800
395
13536
468
46263
23134
44498
17262
3561
11190
65341
5443
29075
27061
31569
48132
12453
45811
60675
17933
51513
38306
52472
9555
9826
13559
22785
29255
28453
46937
24153
61743
44749
5147
53193
28958
44311
25982
36515
20670
1943
62594
10020
57059
22881
64749
17672
57606
13681
62513
55831
51578
55578
19205
10649
38168
35760
54583
54290
40444
21854
29867
3263
37768
37075
12843
35528
11613
2378
13913
25197
9686
36935
35626
41022
26272
8131
42602
29745
36735
50473
54201
7472
25274
61579
4383
36875
2498
58072
53884
19680
46868
30338
3871
13061
56503
10635
1452
42968
13552
38736
22744
51824
4548
54875
23834
45288
18078
3649
33411
33731
54386
28418
1944
42668
30179
53874
16039
47591
16834
9265
58734
14297
3181
64963
5931
29659
39400
36795
18417
59794
34607
4624
60148
15360
45516
38194
50832
33555
26189
17355
17995
53262
26024
31924
22644
64870
52307
59078
56604
5865
52560
35056
40073
29617
12941
45235
62006
37579
62905
20414
41972
58248
35193
11054
33938
47344
23688
4051
64174
35629
44928
5518
39748
38978
54002
20277
45984
44516
52488
43115
18582
5934
24608
34308
58557
16664
38261
25256
37618
51258
46304
44269
23434
50237
7221
10274
58937
53279
34626
33999
1959
31115
11436
57253
37062
7223
36632
59645
54898
14756
61870
51208
14912
58157
44947
14395
48700
61246
45699
21852
25103
41064
6056
31058
59186
24526
62833
40617
49362
55073
15875
51345
40043
43517
31524
11358
59255
56334
38202
59141
98
4425
19413
13457
31261
4413
4770
6792
58808
9937
33080
39537
34345
24771
9645
43441
56196
44462
49909
38174
63503
29548
44627
47056
50037
46465
62984
31677
38673
58696
31896
57630
31540
45049
42417
26908
62921
24893
50210
59926
27661
32678
10749
34064
57237
44517
21798
41995
47377
19341
37793
55394
292
54058
12567
2051
7841
64245
64353
1392
48829
6408
14911
18416
37216
36004
38369
914
22667
29384
18265
1314
40269
4289
23999
39042
14746
18956
26677
43125
42036
49226
38807
46363
39176
17886
32561
2035
43827
44802
33309
26330
47418
15345
9210
7370
26461
26720
39742
61256
26926
29759
5753
36690
57866
29746
62766
14901
9442
61912
26151
4605
38365
23374
16290
30590
19466
36671
9097
50880
37525
38559
50969
50604
64920
11033
25702
51230
34687
53757
3040
18787
22571
15078
15897
58573
61822
46178
50038
9978
33098
55316
16853
34913
28941
25666
32
53285
51532
6999
44765
26409
50332
29700
20817
5974
31128
39947
41146
20616
32427
33264
58800
13614
33186
54745
1537
13978
29270
48108
1063
61780
18515
1338
17398
13445
2082
17210
40243
19851
5115
62516
11650
50951
14750
57957
6468
34376
56968
31913
13074
28197
41424
154
41681
18335
11451
57206
542
2873
29041
35830
32813
45809
1084
45462
55154
9657
15575
48842
38735
38568
37270
40387
11949
36140
37405
51671
625
42219
10934
49800
44469
4826
59339
63747
35808
17120
59147
23350
10220
37142
49822
31682
4634
36071
37876
17691
23472
10868
8152
36766
63167
33871
56681
45419
23966
21802
58279
14628
55637
41635
30125
18890
20338
16990
24094
11170
30559
10522
57220
46359
51895
16912
28560
45247
11992
57909
30994
61963
33551
27626
4601
39209
4894
52483
33363
48552
17403
22662
61336
35902
29481
21101
17579
11571
54548
15480
58854
54658
14795
41005
52615
34489
38451
9257
1028
36638
7936
3429
9098
17191
28075
4218
36334
3255
2068
51803
811
7019
29766
15695
60712
4112
11236
18327
12550
61345
64204
63654
31771
53683
15543
955
63846
24726
15036
10866
31732
34138
48383
47347
15769
51922
24008
22198
6113
7199
37420
24975
65254
30963
40324
55767
65321
48760
52313
63536
9474
17308
56613
32354
19933
37719
59045
29406
23463
59672
32181
64132
46672
14928
25333
33260
14521
60078
25976
9594
53200
27770
32843
2768
19660
56541
60294
28907
62268
6595
7486
25013
11163
17887
16172
56290
59438
35986
34662
35437
12278
46503
63352
46175
26464
29866
35242
26855
29083
2431
30328
24300
49107
57419
42753
22432
4924
45930
34713
13544
22335
37762
39577
47
40552
20788
50250
48580
55122
41200
56259
51600
48339
12200
9653
40778
57978
37543
25984
9810
58314
41042
21839
10887
43810
49948
8227
1735
4224
51456
13434
6529
61045
45917
6670
3906
12221
4262
36569
34213
43521
19793
49805
33107
8799
19699
32022
8279
25848
18638
49632
37471
25456
22021
64979
21042
8498
31264
34410
28683
42314
30129
8268
51539
48747
24638
7878
61320
57116
65386
53706
3670
37951
59525
39589
23825
32343
62581
35832
49667
32557
9339
47753
62664
64074
5567
49914
56570
62714
48690
29324
55427
28887
27719
28388
25711
24357
28182
16034
31948
25369
28253
54740
30948
3608
31615
50683
43715
41319
23415
38816
33986
60848
53294
50787
46572
33727
11233
54782
12361
1884
6275
52890
20471
39322
57418
19027
33801
22491
59322
27505
10676
42454
11149
53417
17636
14661
27106
48156
44028
51792
22482
1057
15521
38544
36008
20341
33551
37713
37947
26476
60221
59472
21233
62036
52642
56790
28915
28264
58031
56155
47542
14157
62059
48050
33129
11145
46510
20822
61941
15590
18236
5312
64203
55068
37926
46454
40156
24218
21596
26434
619
54607
21616
18960
10066
17717
30981
40118
24554
5083
60577
53782
53233
63121
42354
55899
25002
54325
46668
44264
22296
18043
22558
22558
6381
40252
63014
28869
30097
11579
59987
11871
19561
24163
64765
13870
63423
30260
9432
34468
54685
8082
32543
16178
7003
2526
172
58261
33505
14553
55048
50171
21021
13390
34715
17289
43263
50656
9572
19272
42803
10701
49625
17290
39691
55365
44227
13875
64234
49899
2166
5055
37094
54999
18683
56084
52862
26694
28121
62623
60212
34437
19548
28231
6932
57162
37166
45326
16597
33087
31147
46832
46170
19318
31278
2738
17949
39917
32399
6155
30121
63473
23887
2664
23389
48310
25864
47340
51427
13970
51874
62215
29187
38532
47936
9439
53326
38351
32864
62395
64189
33877
8568
35827
4652
23200
14154
30677
43768
38975
57672
54605
56773
11875
59198
40447
24469
43462
10870
33129
57903
45040
7135
4417
49535
52693
43555
45436
4908
18251
64169
27034
64427
31067
32652
5316
2709
9081
36890
23846
24591
30425
5600
45812
11732
49142
13321
24148
17812
58132
47719
62026
8678
64810
27621
846
36822
2152
42142
53795
30353
20297
23553
51672
62172
62487
42185
22238
58335
34331
64674
14694
56666
14645
51742
43642
29055
39551
39617
58776
29459
62387
29370
19482
44262
50194
39047
48017
42011
54756
43178
17288
2981
46248
18372
5254
53082
47730
30733
40299
36668
19978
64117
41070
29167
32400
28587
47605
43549
38867
13845
5889
8219
46099
63600
46113
62822
52400
125
509
45391
29839
16840
64661
58383
34210
55269
32973
1939
30689
4061
26284
20494
40778
46579
57993
13883
20662
28534
44607
4584
28015
14508
8606
37754
18003
27987
58092
59167
25953
39892
8171
95
55673
46035
61563
45454
41373
23687
4099
56949
29167
15156
7450
3629
3706
17469
34204
46439
4912
12369
3983
18162
42990
36732
7414
14592
6391
12860
57457
8298
9716
41715
17982
697
1033
18042
28418
49566
42642
18398
58441
34983
31909
33020
51102
20261
1081
39593
40766
48595
19155
29171
44559
47344
16183
12758
26892
60547
20956
9994
22582
59573
24717
8073
53956
14389
57575
58217
6298
24280
1431
42989
31876
47375
59517
13224
30732
15297
62599
3160
56183
27536
26127
22401
36921
52741
9832
46859
54241
39492
60700
24447
17848
40226
49085
62076
40794
34556
50098
17472
31453
34536
38887
46370
24219
54587
48076
30839
8493
27253
51612
56906
60901
17665
22937
28852
40619
43736
62918
18519
47888
52456
60162
45053
63866
17193
31214
54956
16360
53686
8551
63452
34843
39745
54899
26096
2687
47382
10002
34650
35072
44317
26237
37314
24810
15862
14350
43811
9457
29096
9317
57839
47254
14962
31926
52314
64402
24004
14337
43364
1369
11316
3389
26691
43318
41720
5708
42166
20141
2513
41143
53796
40724
52234
25109
48272
64245
8919
51961
63914
31711
52973
13427
32788
58900
27329
29067
22795
35629
14022
6740
60813
34502
42646
52293
39751
4035
57796
43790
51262
2760
15811
8068
18185
26962
456
62915
6308
30964
62828
12743
61172
36782
64908
32421
25225
59897
35634
28105
31713
47147
15259
22186
38856
41292
16682
51078
34163
41662
24737
32903
3627
63140
27932
8712
49907
9666
10095
62662
32739
15591
4654
39225
37536
26642
62877
41200
6039
595
38020
48520
6543
16543
49996
4976
1759
38240
15806
42612
63753
8166
34952
49459
57578
18080
55825
31363
13004
26521
18730
11699
58139
16843
47582
36193
58850
10511
23664
9818
9458
46160
53961
17485
1613
47969
3910
60767
57819
10229
35139
48804
26341
55372
13845
50285
43923
49133
28579
40204
21761
29468
58387
27012
33943
39743
29432
25048
22884
8004
28562
49857
41386
4306
59274
50290
45963
57292
26394
38878
12391
23483
32095
51529
30960
29784
26321
20695
36340
63526
59350
19038
30250
27738
46807
16150
25295
59792
26398
24313
21699
48317
11861
35916
16214
55073
21259
49102
13464
46357
35222
52302
45271
1892
27106
57030
33128
31465
35663
4548
37064
23595
21277
25640
12062
45140
59612
63426
26475
57308
47876
53956
31590
57674
29069
51494
24008
26513
4707
3111
22868
64724
58307
28525
61847
26389
16114
60668
7486
23102
42167
50081
43025
51286
53970
34191
22481
39051
33515
688
62364
64401
24442
41757
62840
36240
24990
45046
59864
51449
24726
63644
23686
57234
8162
43933
14361
19831
4159
15700
14911
64791
4902
30653
16271
13865
22692
39072
16790
34488
56867
34669
56990
14997
39453
52576
38884
48057
45779
59152
19242
5613
4179
14354
21280
21280
57784
6815
19627
61361
55168
31017
8742
52563
37745
30677
33949
37469
21554
2415
3119
53394
4188
707
64196
62698
10331
21577
42427
17569
60633
37576
30035
43403
22013
25268
9459
11641
14150
18955
59890
59079
39690
18487
22145
63701
37962
5851
15009
21998
57882
55605
3961
11644
9926
58189
38675
44642
42602
24603
8417
15522
22754
53453
35853
20938
18279
29122
25153
52881
62052
26577
9762
64857
33120
33559
16496
6448
23510
25851
28805
40325
31680
23069
23175
2177
53226
64212
9794
4440
58716
33221
9967
51979
609
48645
10514
49200
60746
32976
14628
27135
53058
8096
9965
48382
45351
45992
8563
31044
58221
22749
17642
55810
6838
44785
46251
25209
43985
55280
63832
49609
38637
19347
3464
38045
50694
13595
56478
50548
29689
55122
60843
31419
62350
14289
25509
22989
26646
11480
24617
44921
37167
63175
21595
57574
63752
41839
15490
1185
19909
25693
58370
65355
1311
60051
49633
38151
47161
31446
52109
56710
36603
25577
60121
59709
38777
11003
65396
33884
3380
1723
52702
20863
48505
56126
42846
48256
12739
54164
33873
15667
50479
12220
60690
25652
36504
55998
43339
58873
21948
16090
7435
57196
17694
17412
46299
57158
63057
57284
925
42059
21451
18166
53477
21396
19321
39105
14288
45379
19898
38890
61823
40700
63824
5273
31313
45033
4775
39583
16488
38786
4873
19749
23378
9560
3097
51653
21644
51029
385
19600
63775
50179
50181
53873
25619
11337
11164
58815
58922
56657
17012
25913
21178
17048
53222
9937
34508
60079
31350
40277
40585
11665
31784
17137
61275
29845
57474
6148
14256
10778
53523
3463
14312
23763
27502
11594
9146
45190
18984
34277
1675
57207
8429
33448
51765
11155
17275
62905
21197
43309
8792
55992
53777
43056
55652
52277
46698
235
20240
17378
18128
44165
28467
8753
47043
23031
5365
44748
22258
16923
37563
58718
32628
27786
64191
51334
42606
65066
46100
25688
2018
8128
65274
32514
37819
27105
21685
46549
22059
8576
1080
32226
29745
2838
52772
20043
8538
56445
23455
31576
23039
43712
41921
58555
41187
48685
64670
28334
64488
49188
51080
5428
41568
31702
60225
32606
55589
31577
64755
32095
64112
32427
6328
17670
11523
57687
53282
40047
2544
28237
27649
21319
33732
17336
47949
54216
45845
20633
18765
13514
47998
62291
45613
44010
43370
9324
18014
11848
15456
5206
7508
4488
16471
411
17665
22819
19471
19375
6189
56513
1639
5823
55106
24911
23447
32039
1762
45917
45997
62256
16118
57847
44659
34286
42503
52961
19233
28711
56837
24320
13441
41300
3921
13668
49981
31122
35702
5642
14881
25622
13581
65096
6127
24934
59406
1492
41844
16492
29684
9236
53694
24738
23819
51490
63549
31057
7561
43825
25110
57256
41858
57189
9982
22290
52749
24261
46751
9066
47654
55884
16305
60618
26681
62458
10077
42719
58786
25841
30574
63020
14595
47481
13567
15849
59937
542
36090
37216
42091
2689
30536
23962
20486
29974
21152
30100
43017
29459
46553
35400
18031
53567
51028
36675
60496
26119
16110
51617
33412
30625
62429
41525
18507
57416
64182
62291
23671
32370
52255
8324
53984
49396
40400
47216
39069
23486
44559
37084
13246
3581
4449
42156
65455
33234
485
30663
24281
14333
47724
23954
24178
2256
23285
17985
51851
44702
64999
16524
49125
13909
59076
38023
42981
45632
18851
30317
15820
56331
40569
23788
32771
43449
909
17531
57604
42509
6756
9222
47410
50246
21303
29302
26434
53468
111
50320
23296
51243
7079
54207
56436
47101
45956
63786
18391
25832
9143
8480
1996
37602
61093
31529
12864
24543
5977
48481
36663
14465
40308
15089
56827
62539
31273
28323
25778
19164
21992
20386
62360
42408
28104
48707
2313
24490
8840
16171
33025
49085
7745
19153
1929
28050
4550
41316
9691
41994
1005
23172
45513
35263
2207
47234
19606
2764
19234
1786
61587
900
52718
54881
29844
34433
18992
3098
26076
9956
30239
46383
3434
13702
10728
26591
18422
33919
61194
37964
38664
17733
64533
7044
16057
49763
52202
65125
65209
12349
18619
55650
43555
11590
5980
25286
36581
56114
40536
5695
64238
43286
10211
64399
40716
32123
38797
24411
27575
52106
11476
24595
19207
46262
64381
4086
48172
62665
3120
2870
56798
25316
40241
25835
26043
19683
64964
36397
39458
30101
31765
36704
49454
53605
18538
60073
19070
25799
62412
18766
40897
48261
62549
44500
23397
48473
65392
64438
25369
19322
11842
38405
40356
39950
52061
12970
60381
13175
48945
43924
33786
54161
55622
40252
56194
904
53508
57167
23065
65228
47480
25536
45951
41382
20577
442
21720
64181
64142
14365
3991
30822
49222
62687
27025
51650
5422
3655
65391
15407
61725
61021
5853
57998
20327
40978
32739
23802
20127
28266
45233
25575
52106
51775
45434
39824
3655
30889
6857
65532
41110
28430
60619
10945
41999
46
15134
11244
38287
18611
1781
16145
35442
11423
36888
24221
37125
41331
42025
2419
10982
11048
14882
50754
21794
34955
56226
52664
24337
26829
32062
50885
21660
47515
57018
54257
16405
16605
18223
38655
13332
61755
55321
48342
33825
9230
45689
18307
52042
47412
25228
18258
62755
37199
60365
7400
12364
37032
38264
45465
7632
42252
12818
12786
53690
32522
29210
30914
54383
27073
32204
50236
30859
7648
18157
47554
59891
28918
60655
53961
50718
1476
64363
59591
36637
48465
3438
44514
20151
6714
44670
31419
58503
2040
48914
814
12564
63804
45495
51342
319
53738
20773
8295
20454
3202
26468
28993
6203
39349
51620
54679
14874
64482
54715
58113
740
23641
1045
35959
64640
64721
12306
37279
12663
10732
6107
38326
14089
13200
47104
28413
30406
26000
33159
54546
52938
38927
29171
29581
41642
15621
58249
63030
40700
32849
26104
17210
18404
13591
24675
1292
11430
63219
22661
38265
32875
45543
53647
46910
55782
63939
61159
37478
12740
16470
18105
37717
57252
321
59142
3953
38605
41852
53096
37352
21818
11879
58352
46654
56003
39339
56974
15199
35603
22292
64292
2255
13190
26091
24278
25357
26116
49883
60606
20398
59560
51528
17498
22491
15543
42361
2882
2979
7708
1103
12420
23147
46895
47860
63702
16403
18610
22187
2374
44999
46346
9683
49326
9286
440
62177
10524
56044
33112
42145
44819
23205
7474
1402
9528
41373
48723
24164
35827
14283
45688
13447
26421
28531
62626
23592
62053
34507
23260
16472
27181
57834
48778
35038
11263
53186
36269
64768
60715
55382
8474
41537
21133
42752
19082
50411
15500
2872
53108
10804
43445
10342
45329
61456
59129
19204
1752
14126
16575
22019
42110
37553
41870
43082
23084
46569
48786
29202
5498
28345
21489
2151
23443
2886
50978
64286
18828
25038
19408
2684
38547
60421
34107
64715
28499
29936
9523
57750
507
28486
4798
9599
58948
52356
58764
19082
42693
44457
59915
35240
20494
16102
63161
54757
6394
27113
44006
42912
53260
42910
62189
51693
40968
52509
57525
2288
672
40617
14094
46083
12363
39984
44251
46837
33199
57740
54637
33070
51810
63113
11328
12534
29138
36449
7821
43156
55645
29551
8090
21046
16087
15285
25299
53439
35998
51830
30533
23844
33978
12873
4452
35386
64940
21932
32826
17368
26876
10805
55196
51844
19439
56995
8687
34241
21181
48316
57717
36273
28290
44405
6298
51509
54814
65239
19342
23500
2532
13572
30495
3001
33140
22528
65468
30248
14475
22799
35555
64444
59843
43062
27794
15399
35141
8535
11905
9055
38573
48736
19355
47982
641
35937
21912
43400
61188
466
26603
24470
9555
49395
61787
11771
30124
38431
8342
60567
32939
20729
60549
56743
50760
35881
30386
30306
32480
51101
48886
41416
4678
58152
36475
51992
21771
34592
41003
43325
44292
37435
38452
30196
27651
46973
58098
13419
15509
20106
7133
7002
46122
17666
60083
28135
57900
37633
9881
38074
41730
4588
2047
1188
784
42410
64212
65203
41552
41032
15028
19276
29269
52590
48985
54874
14745
59105
39936
47719
9619
62926
44977
52335
39128
63293
28374
64436
8450
57025
51108
37042
27193
13198
46276
62513
30610
60256
39579
41411
40665
49037
44598
61738
13475
59922
34573
43495
43841
40548
25987
41211
63598
33143
35214
20493
38887
25407
51855
6249
57811
5492
64361
35293
12453
41258
28282
12215
51892
62159
17381
21494
42947
4571
34720
30617
62004
25098
34929
32404
43517
26131
37903
55546
36619
60468
26978
30264
56853
38623
50162
21029
9361
36927
31905
47044
26071
15060
57282
7290
27839
20176
29180
42061
29032
26696
12164
57619
34897
42998
17408
19238
22197
6802
18417
8956
59147
52536
54939
884
40678
46755
47198
37126
11254
14253
60760
17297
34919
36208
64108
36186
23326
38920
37192
33173
32534
43629
1810
17497
47942
37704
38804
24028
41943
21145
51750
61204
31425
55209
29277
42795
41875
56809
5350
9261
33284
36959
785
27089
63889
64314
8379
1508
33644
51336
26248
8766
9012
62684
18532
62872
12573
1378
24480
7288
33482
21338
25830
15924
3603
61736
144
53397
23547
21613
63973
4478
16856
3954
17167
6376
51065
47305
3907
65499
45065
23640
64002
45857
21563
28103
2253
24200
11919
40099
52106
18577
16194
12925
59425
11755
30148
57502
30846
19114
53133
45360
44194
34342
64397
33944
4306
9356
34540
38357
10443
26865
43284
18475
13251
58929
25900
54321
41965
23126
22427
17094
46418
34224
8165
15847
37687
65328
29841
21590
5944
10911
31788
33538
12986
28313
35616
11463
48687
8625
36351
14878
8235
52423
43193
1814
25780
16684
42271
31136
56250
23242
33483
18738
53285
56330
4907
3467
22270
61629
25644
60627
41782
33956
59661
23058
43118
9210
2894
45300
38289
41958
60812
34382
19099
30410
12701
25436
55352
49480
3682
58916
10331
43993
56957
11629
49643
51661
2817
30313
58416
2776
20280
45515
29882
41927
49432
6874
56517
9818
17399
17459
10434
42752
60382
19944
10609
31720
39110
59753
5422
33493
33501
49093
8604
33936
55142
48878
57242
34277
16554
44783
48376
64651
9801
15092
36295
9029
63713
62187
3219
60704
38477
52604
12603
2805
52784
24076
1969
36039
32329
22751
42353
60426
2035
5351
37309
45450
12930
31313
29345
22319
31882
63908
52466
41745
28159
18947
7664
79
38777
40327
1416
7472
31968
206
127
43154
58576
35266
36503
39475
24470
46490
4636
52167
48454
7530
21342
589
63009
60564
15727
53070
11490
64096
55109
46690
2711
57736
32422
52542
22629
53515
63417
50724
56767
28225
37616
60452
61949
5674
22110
61872
44500
51223
25453
40587
33256
37144
309
28348
33165
33235
6525
43095
63613
540
7661
7784
28970
36316
45481
19448
37422
59579
39850
21328
25063
34164
6629
20566
38767
30640
44551
46413
40794
23971
51387
14189
41297
65481
47663
59253
25190
5470
24695
54992
42071
51994
10295
1566
23317
59301
64055
20560
48045
22006
21855
3914
47095
13981
58883
13018
29705
38583
29147
10982
38289
47957
37580
5786
54010
47164
16780
5720
14788
49013
61198
37126
37394
22728
2991
47301
62168
56670
32435
62869
24937
56145
46146
43814
55539
47988
23633
25799
23208
59732
9835
55644
60180
17755
41463
53273
33376
25549
36653
34738
52007
994
23268
56889
25960
27929
11244
13052
8710
21862
34828
14214
58644
43157
19367
52590
13141
56963
51172
32450
20209
5435
24647
21778
17695
25522
57874
39721
2480
49661
46760
837
44862
10358
42438
58080
56563
3658
63225
32916
24889
44913
3242
40455
59675
60227
51216
13692
55887
47005
49325
52033
10961
27911
51411
62651
4206
50840
42605
17035
33448
42648
43901
26217
5163
19078
32548
5913
56424
47872
42102
62958
11986
19782
10027
59822
34494
10071
60105
60174
59165
54914
17617
17854
26149
21814
7428
39028
45086
51253
26957
42201
9401
23721
44780
26559
60322
11069
17995
49996
64675
13015
45127
60065
60064
39616
52618
5749
60153
32077
56107
34587
172
57085
2429
51818
64006
12489
10070
647
61392
31244
32293
54089
14623
55373
14228
49538
1545
39263
23083
63233
41998
61907
43919
16733
25122
39709
56825
39812
40801
17345
24279
62042
64019
30208
19962
61894
20643
62743
64991
35511
11669
56624
52594
46078
35933
49521
43883
60116
22363
61453
160
35146
29857
48129
60447
22262
28270
24565
50130
7030
53772
2522
46134
58665
1377
59705
26930
14441
31638
46837
64511
54173
53985
16970
28899
58450
14317
61568
32929
59122
58192
5372
64130
42479
44869
7879
1221
56763
37437
25665
60653
1168
16277
59929
10773
26562
44027
39748
20680
45677
17978
39630
22258
31376
40303
55063
49586
18401
18947
6580
24004
26151
63736
55453
11016
498
32905
4579
6845
24685
17247
1707
35676
14098
40382
39731
21018
53618
14344
12879
16551
61386
54240
25856
63591
26859
40715
15728
1520
22772
11515
48416
42184
35698
19573
61432
39245
3192
23679
845
25869
23215
60584
6182
38840
14
56378
5494
25005
61920
16562
33842
17071
14361
16527
16647
46268
65090
8517
4882
60037
32797
36442
45350
64150
44858
60906
49560
43461
46649
20621
17775
55841
25283
31231
36990
23751
12760
30408
27809
27368
36375
55596
3332
24576
5222
16945
47413
59140
49611
51914
17755
5816
58357
630
33339
10409
27564
61604
33038
42422
17946
13549
48764
18989
39199
50402
21426
60007
22374
55365
65441
1995
59033
19850
48980
41273
746
8766
45521
2430
9058
1033
13989
39962
15661
23135
43017
33992
49943
14513
14423
24465
8491
20872
53678
10242
17943
32887
39563
13204
45333
21294
54597
8048
18440
32133
44211
22670
18399
29615
36699
15101
61564
32349
49796
52046
48189
33615
21749
38870
15955
3374
29186
33980
30309
7192
57542
30530
57511
15369
44912
35818
17030
55268
22504
15593
2897
26306
41148
43464
28020
41674
58497
42589
49923
21490
57200
7503
62998
34174
46860
23594
44917
7539
1209
42355
56808
33004
20629
34515
39621
715
31355
40439
27921
58297
11017
62550
63763
30145
62577
39139
17511
62838
14724
59234
56833
8585
49225
16008
19354
1294
1357
38925
31757
43696
20647
14981
49272
31594
33426
21181
45359
20499
52054
27389
59128
61038
40207
44129
37474
43357
50305
60396
48469
2343
64360
48336
44307
35605
59192
39167
15414
50202
12303
43061
1167
9860
21397
50383
41913
24405
59034
48458
304
8474
17181
52252
5877
49404
27869
37651
21374
46962
46273
51342
7539
61032
27672
46945
42380
39
18219
40105
25371
50411
34340
10912
3349
35061
54999
18862
60043
57931
20040
43476
55441
23722
49769
14208
35022
42205
13145
63465
13115
17937
33007
6915
29305
36271
63262
24232
715
15068
3484
64429
37506
61660
64609
10838
26608
54580
24161
11755
64864
37876
35657
18356
30333
4799
52022
52862
61580
57984
56949
60611
24294
41595
30481
40355
53146
10175
8751
7677
45914
35018
16284
30892
58681
44591
65152
23860
35481
10556
26366
37450
54448
60068
52271
51540
26262
4487
56701
3785
42122
23482
15409
47183
42908
37797
21603
1584
44816
25440
8475
42721
22783
1057
7198
49194
14207
1079
61500
2616
24547
21308
28256
60479
39177
14643
43397
61394
20441
45707
57249
3769
26970
64232
46695
39580
26705
24210
61414
21600
10361
23030
18210
31351
11961
64595
34635
53744
59101
3443
48450
55878
64793
35804
48823
31931
44861
24146
47396
16682
4808
710
49013
10199
42071
61476
58454
11213
8939
52217
9674
24197
28253
8227
39851
52736
5233
5098
24622
21408
40980
15673
24695
29841
50705
56971
59737
27607
44030
9156
13233
15019
17315
52200
15602
49070
16159
16238
35987
21734
50989
35479
54786
49730
27488
27039
21109
28872
597
8015
4641
51831
7971
8714
59457
51349
25508
48615
12353
38971
55572
31373
20469
27664
59628
56997
54277
26105
62454
49883
55491
60694
56245
28250
7468
57897
4413
44523
54969
49081
62853
56445
17506
48422
51863
44657
51137
32520
54915
61025
6179
473
11178
64606
56937
26179
3720
9461
24292
14877
23317
25456
484
15447
1943
63400
61835
19907
64432
22414
23799
22302
58821
21633
8237
48351
7395
20589
61873
34726
27642
15126
6291
49325
345
26087
7796
1160
22146
62441
16565
32669
51909
54206
48037
23089
16062
21263
2174
25900
36232
64891
45053
23932
50905
56938
32384
9819
65225
3703
63259
559
4319
31599
36381
16961
33274
24014
19538
36719
59373
53393
38046
40921
20847
38571
64794
45168
52750
23364
50633
53233
8055
41076
10070
59568
10737
45365
19847
44107
56829
55533
51071
39521
60630
22143
417
48568
60512
42018
44269
52164
63619
34405
39860
7239
48746
50602
11358
58784
42634
27655
34486
62296
39984
111
64380
36599
36285
43515
47168
44658
2815
16544
46059
30542
43031
56557
18015
52462
28649
61331
44887
51838
53342
64204
36908
54373
43381
35225
54830
48372
12589
13884
26896
7500
55558
56316
7632
7842
9634
32616
21614
45973
35843
56319
9265
59150
17109
65295
55778
42442
16005
16896
18627
19677
57260
32945
36115
42465
6937
4601
46203
16591
21524
56101
29630
60839
64302
6617
36823
36934
15051
48364
18116
7883
60955
55693
32696
21631
44824
45515
30359
24297
23306
48644
16077
29426
22152
38478
28612
40287
41304
41503
28869
9169
10447
23039
7584
32908
5497
36742
16970
22917
56908
20991
37775
14944
58567
8568
13481
10749
33835
62582
1363
43331
61336
43136
3530
29805
61993
64448
22755
30935
38072
63248
2894
35227
10816
35385
2048
24768
56680
53899
12936
2933
39338
63212
31452
46638
40491
36224
16344
18807
3939
38834
17105
52460
34457
2587
35275
45846
20379
41863
10407
26314
56518
28538
25117
2400
58186
26409
24833
49783
39318
10735
46708
4686
51555
7254
52508
52635
63299
7370
47768
36009
10964
7911
42367
51157
36297
32840
7976
8586
2838
46584
2031
44684
64738
23305
29227
11792
26919
49780
13440
35520
29121
10248
53964
49026
34047
46544
9812
43702
4115
3112
26376
49100
61203
22614
16766
21219
2604
53815
25942
19502
62530
2521
42665
49704
27072
47844
63356
62391
42941
16546
36942
35354
1046
55686
4205
39205
54779
2032
45625
20184
62849
45676
52141
23951
35757
30677
14845
28636
63921
29248
19875
63385
18654
58911
58577
2050
6028
13662
64626
18339
2981
36810
15394
63401
25455
47219
58356
22732
63064
15941
59609
20330
12086
53568
7302
57364
27202
50328
20390
15608
17443
8841
7351
47047
53241
36817
2365
60098
3993
2980
18166
55292
41269
3713
32339
14796
9769
12336
20863
5267
53283
46498
22165
63429
65112
41945
4497
19339
18506
41579
31218
20960
12760
21591
29120
13889
38889
40280
34651
32891
49723
16638
27571
13869
49768
32713
9171
65301
17111
1222
47487
15105
34717
13926
52253
7862
20155
15953
6997
65
17482
45204
37215
5346
17031
63568
2730
46810
51565
19238
18510
61981
11313
60430
55850
22930
58629
22444
13951
41985
25375
63500
33388
37522
1668
47501
15620
33181
12763
58054
33486
65473
25118
41587
21995
60788
13303
30112
17053
21520
40104
15067
26870
54384
1968
24948
14404
27356
36389
38119
41877
44319
20219
35500
699
26713
7113
8393
2828
45022
36920
5954
52761
5930
53492
50084
7743
20190
36278
4565
56403
28834
14866
28030
22672
52171
27156
35047
44593
61851
58620
59677
33099
9072
36225
3365
39627
29595
43569
23906
18346
21834
62296
41284
24526
44153
27426
28721
27916
58973
4331
24400
24997
20617
34717
51120
44409
39729
41208
7869
21784
18283
57894
23155
36237
50075
61837
9422
586
15789
9052
15417
22390
52249
39233
11859
61244
40032
49310
46700
6759
47033
58154
25173
50730
41634
20966
59085
48988
40946
58414
44741
9342
20372
15112
27977
13110
18863
16338
26616
53286
46067
25744
58362
53092
18700
25482
61721
56350
48717
23252
16568
8376
13697
17501
28850
65160
7363
51508
21685
61749
2026
55133
9697
27785
4337
45506
9798
14005
62871
3471
9642
53153
23802
56394
8264
22002
63341
56638
49434
40469
5214
49344
58044
22441
10421
50595
28578
11337
36283
9205
7026
7267
12693
26025
31053
55379
10997
18570
63261
5400
15859
20563
29761
50427
1165
52417
9774
5834
29044
10567
5576
23175
39721
59914
32468
1294
45482
8540
59149
3109
5366
65507
16888
17177
23996
28714
15730
7425
62849
21361
21868
34796
53720
51810
50812
16186
14956
54101
63391
24449
23634
33678
24657
17645
29952
33078
1838
34450
29958
26391
9788
11447
21075
10434
7458
63211
10137
21261
1059
47563
29520
249
33648
1263
26204
11256
51093
19171
31891
43345
41995
53762
34890
25102
37664
51120
279
39429
1033
27139
42150
30549
3314
13281
21966
60497
55505
257
51445
17742
64805
56729
27789
28193
8100
13468
34399
39587
3775
48713
34707
46570
14776
44266
49316
321
34018
50181
3908
41749
29508
51385
63652
19975
17597
10467
39046
2886
4130
35096
46245
42455
44370
2081
57450
15942
27261
47486
38858
52231
25677
48174
8888
22922
41757
24439
52460
19110
20339
46318
58125
23374
53720
64260
13477
91
17681
32442
5559
30205
34958
57941
55958
41956
37849
14187
32969
285
53596
55531
8419
21668
32219
32077
39756
9365
59975
62507
48905
12211
24793
55227
25190
40630
25089
21079
5476
59390
39978
2859
42857
17965
11865
10176
41978
32356
39487
20359
53645
8971
46140
19098
4984
62630
19485
65279
16299
47387
50874
25599
22643
35407
32121
27861
54144
40362
40509
11912
597
48228
29335
35570
38124
28640
29764
54550
39744
55799
8808
13939
35194
3355
1828
54263
62136
6212
21783
44766
22434
7089
35577
59464
14422
23368
59213
13789
33220
51823
15748
37876
33927
41940
58529
7510
23649
1237
11628
10774
10233
40161
28842
385
41698
32914
53246
63338
50480
19029
59010
63277
1368
51453
45217
64655
60756
56025
35103
31644
11695
37904
31993
248
52471
15403
10184
30961
6005
61382
40142
61894
960
59778
14952
32216
2630
31566
2669
52962
29437
38432
61663
16716
23156
6328
27923
11134
12247
11308
47605
29328
3242
32073
50151
436
57100
4583
56451
51121
52392
63533
5711
40899
9875
47376
57830
21735
51278
39105
8896
38966
32853
55998
12019
45607
5562
18328
31346
1459
43154
44143
49457
18739
63746
15114
19773
379
45188
16915
51853
21170
9664
52490
5718
41053
5742
21826
62656
55471
24944
25147
39899
12597
1913
31618
49488
14822
31103
10134
23816
34560
17705
24060
6565
10773
22420
36149
19707
51712
58890
32589
53738
37276
44220
56563
55935
28110
64253
32314
26841
22586
26344
50039
65094
57693
18050
64459
13606
28990
16071
15035
9511
53324
37385
24085
37913
30588
64625
57452
1948
57424
44642
53872
32905
37204
39341
32059
42061
8447
42975
15186
43738
19953
22489
50985
45267
10152
37013
18130
4382
15685
35407
18826
22299
6988
19592
5259
28294
13329
49956
27283
20268
10513
62718
30843
18079
19050
63128
5595
13811
53981
55135
12534
37229
43341
32102
57596
719
20245
6864
54164
21685
30329
13165
39040
63124
24446
11654
32695
28519
55543
14935
18280
30713
26951
23292
51032
65120
606
31596
62730
14908
62097
54432
15159
4926
51074
10922
38612
61681
49499
37682
45045
54385
22832
29846
38652
51245
46766
59428
61349
7366
35662
44489
56098
43435
39466
27027
30125
45268
52192
19691
11198
4197
8483
7435
25080
768
24331
30060
18957
47674
57651
55737
16131
9351
20816
20503
41392
59705
36506
14296
19370
44432
34345
14574
12661
22801
31979
10537
29122
35216
35139
13446
47891
40478
36960
22640
27967
64305
20780
44492
63302
23840
51799
5502
58013
44684
11752
18416
6622
37857
24311
16738
47484
18672
5239
32482
37092
27149
29298
52513
50060
43013
39062
1919
39717
9992
32696
53706
56175
44908
18594
45961
55059
1018
65488
26819
27295
33396
31499
24959
25146
44369
19111
43887
27951
6443
44232
26137
46265
55703
56883
13271
37100
6566
32163
49052
24243
1103
59693
14991
18972
43453
17262
35701
45085
30287
6436
27172
6158
32687
2344
44753
686
1908
16803
58367
45921
61316
62480
49505
37274
36040
11907
44426
48527
28444
52274
64546
53241
57427
5148
62061
36376
23638
34281
56825
14308
63506
55537
5916
62327
23992
9192
33573
20786
25587
43420
31126
41612
61434
53709
65239
36096
16776
25163
45151
35990
35898
31377
7844
9833
38624
16826
51857
41062
15989
3212
2791
53474
54497
8074
29683
21806
57680
26939
31483
1580
61416
2495
36446
34578
22301
51612
36329
51883
60911
3948
14548
22082
41840
43560
17917
50572
26159
25693
60372
11945
30066
5519
21377
25806
63783
17706
3953
8676
21360
11951
41027
1264
62739
11808
16648
58581
41009
36899
23870
23866
43834
8823
54938
7025
11032
37581
26480
23659
46640
59036
50944
31420
34204
49404
13643
5208
47650
45630
43961
16078
26963
60282
46898
15451
65062
19230
14955
20174
39031
26336
30568
35143
24415
36814
44439
55277
39345
63643
65245
24537
10732
6643
62560
34625
50868
26622
54667
50525
52614
63303
33197
2025
37373
61550
46166
24828
33846
20911
35335
15242
59279
2209
40818
62544
41837
57961
61188
15416
22889
5128
6877
4470
48440
45794
4820
24730
16529
38384
60003
44959
62097
17634
45635
46457
63800
37606
43977
11671
19505
46283
18868
18242
43805
60388
16916
60016
25992
55792
52484
63184
44461
49936
57156
6826
63427
45429
7112
39080
63275
44959
50775
11621
45973
3494
61972
55021
3445
16163
6482
1055
55259
22978
58023
25829
29631
20045
10039
4492
25769
50819
62135
62378
14757
9497
60856
7114
31694
12838
46468
8742
51946
29495
42165
1820
11436
49820
59215
49505
57972
22317
61180
41105
35125
25131
26611
6429
19448
31404
45274
10967
14474
45497
61568
19621
16359
16404
4267
11444
25132
40437
54173
25344
60548
405
49947
49466
7539
16939
7127
28487
45140
49284
6124
8788
14702
24463
24354
6993
13617
9169
13406
39160
57376
27339
36585
50698
53781
32795
15779
41440
42778
62242
42085
50857
46592
21772
52393
22472
38058
58036
53624
55301
21637
16379
26627
43784
52569
39656
50146
2952
61782
56624
52249
47341
39008
40592
24798
51566
59643
4832
17313
50701
39731
34921
41618
59833
59179
16178
34108
8582
64750
18939
61266
54624
35680
31323
53375
50749
8216
46345
30058
35601
3651
40444
3178
39814
58322
58647
55623
53519
37889
25023
11741
39548
39686
57063
11287
58928
51697
41804
4861
47075
63101
43605
36427
60584
55624
14302
4391
4164
45316
23756
52216
60509
7653
8202
3607
37798
20598
7337
2315
9630
30131
4456
9568
2997
42511
20404
23505
3029
41195
51680
60135
24095
30122
64316
61589
58394
18390
33846
57467
60638
21912
16948
55603
6127
37200
37791
53112
13489
2326
61246
64281
54936
38785
31100
16663
25051
1093
57350
4402
43002
40314
19770
21536
36170
33764
2866
11647
7899
45743
42383
57220
27213
41018
60299
47903
39478
27034
33517
43437
36704
17688
15464
3965
22547
63798
14105
45053
42992
46255
54733
14638
44761
3782
7490
10796
40790
5377
26185
24662
44031
49644
31902
19903
42233
24023
36964
17245
43016
31831
24667
26014
51659
57353
15922
6790
11801
17511
39585
12855
33002
62350
44239
48226
31312
54466
51903
3772
64310
40805
47672
47882
6478
61037
9916
20073
27876
62218
22809
52833
57386
32561
25502
18636
47328
44297
9695
44505
25436
50451
64499
7012
37699
57207
31239
51341
47687
50335
25840
63633
51640
5063
40486
57921
44458
17473
50686
63673
39661
63739
5237
2709
52537
41115
9493
20417
19025
27610
65265
63266
17589
56897
45112
16158
49149
23133
52679
35132
27838
54453
24175
52236
48171
49823
33456
16433
6375
28806
30632
8702
11214
5020
53146
43396
2015
40344
61643
42302
20561
3356
35611
20862
2100
50520
15406
56784
48163
28898
49588
6707
40124
55334
12160
47063
34228
12037
15764
6952
44913
63390
1267
8989
9507
10422
7914
65524
29540
6186
55706
2442
13797
16547
30712
9450
63837
11833
23515
38436
39374
14567
18028
10650
6733
39074
24515
65296
28104
14558
50028
14414
56500
12923
35631
36948
7130
17984
26070
13410
11900
42011
17923
39581
14159
12700
42335
23976
8485
41108
39715
8429
6792
14861
61750
7506
30580
28497
8494
11143
7353
56046
20843
44071
64879
49727
15854
37758
62180
52711
23269
36709
5820
45620
9868
1810
50480
40483
37033
3320
9204
36285
63552
60290
10270
58720
47583
50427
39063
60021
17838
19990
48175
52935
5096
64043
29972
27161
59055
3258
64784
10468
10433
29746
13140
21530
8280
31977
65418
16799
58274
59311
63954
1062
20928
13431
54504
52695
18146
8896
31379
47271
24556
47086
19547
7050
3545
17128
15191
20806
14089
9551
21375
54191
6923
62633
31595
60003
48057
64115
1292
17631
10541
2028
2605
54027
3072
40860
35089
53620
24534
64107
59672
19119
57163
1212
11531
58513
17110
54752
56894
49726
28921
5036
18183
12705
44257
42513
2841
35710
4848
59775
61448
3244
21750
7775
37343
23387
24552
6338
49222
18015
60217
10991
32714
21781
27192
58794
4876
62848
4275
24859
62647
14527
1915
30172
16395
39580
47703
33844
3990
6828
38360
65443
41944
50306
34045
20202
20017
28503
63213
12842
36953
20156
38469
23017
17333
9705
42219
19374
33407
25674
51813
62201
12162
12485
57068
44511
4624
21191
6483
38242
3754
8501
39982
6334
61272
55234
40450
33260
6082
44076
19739
11540
57594
22472
35449
15324
60933
51352
14271
44082
58778
4973
41521
21761
343
31718
64712
23593
28892
58282
10448
26636
34640
27645
5587
52083
44439
28740
41873
10850
29354
56296
62570
1433
42794
59720
285
57671
25143
31635
15362
54678
22015
29984
54975
53816
60462
37448
57870
42302
3965
33222
37607
27917
37822
42346
54795
10849
19489
29152
9332
53232
23784
52854
52450
31857
4278
35707
60101
46649
18940
18342
4054
53151
37173
23512
29977
29944
17015
25546
59894
38833
40993
53336
3346
62219
18067
58134
44026
41970
37477
55891
12154
61272
5022
5539
23419
10866
41750
1362
10191
14152
55222
55237
1677
50671
41512
14141
42568
63578
54304
19375
59285
49032
65260
14963
22911
41360
50964
43412
56951
389
20116
7056
61090
35590
29865
56049
53494
2659
60791
22224
1455
29998
19007
52082
61476
3842
53331
39626
27382
40448
52651
14692
4347
22944
30947
8493
15896
9067
8848
21186
62478
3228
62949
27883
42697
49432
36066
41880
9591
41572
37528
53849
50873
15655
25665
33938
15919
21403
39959
52769
63913
35421
34557
38341
31413
59559
64496
29865
36052
32533
20920
54004
33715
58873
27358
15316
17540
19088
10462
18098
30814
41968
28827
30997
27497
62492
29165
22959
49718
24342
23715
23020
41425
14584
15225
23410
11485
24091
46699
60399
51614
57368
39707
58418
51928
65403
7887
39940
43234
65165
54636
309
3891
48967
53373
50836
14246
36994
46934
19807
56906
27135
12104
22252
20991
61059
14007
36969
4845
58692
10944
2799
62673
51192
7138
14128
29549
56975
35441
37562
52885
65473
47805
23520
56570
2069
21805
21338
56839
58997
3155
56189
15236
57232
31369
44843
52408
32001
62571
24558
33771
9888
18662
50836
7817
3904
41246
2443
45444
2414
10291
51532
22154
62909
62596
17330
42038
63471
14022
7056
19346
41186
51967
57839
56586
55660
49287
3058
13339
4622
7258
11454
54105
28377
54165
48400
59569
47493
51238
43729
64567
40227
32305
53433
27324
43893
29523
13109
13695
52553
22113
11038
63046
60233
57813
26737
37059
22428
29258
54260
30700
58107
11132
3396
1383
7015
21934
55796
62817
41664
17037
3625
7040
42106
61620
29616
24993
13947
27919
48523
28646
6062
52035
35528
3571
11417
42259
42882
45892
6272
48759
59936
6193
35996
40944
8420
8078
13387
32396
57435
62422
34972
45520
64718
44406
35429
34724
4286
30652
26504
43057
58956
14541
55247
3410
44120
24673
14282
27980
29398
46964
2544
53342
62238
32128
6051
21567
40570
24893
55633
28525
1894
22199
22155
15267
49375
62337
20746
36290
41828
14925
44460
42240
52307
32283
25054
10554
17196
46946
60120
58875
6692
25333
1210
3011
58272
9212
26963
13715
1910
61264
17985
50218
9510
11675
50491
32820
55678
21382
41511
62403
16493
30733
36193
37341
33022
29724
63986
34569
39008
184
38977
52056
57842
31248
19094
47078
3678
58517
32341
42762
57548
18362
39687
15679
63765
65523
56827
40889
57407
18649
42142
37180
10115
5033
39756
9040
51000
4312
56551
34946
32017
44128
35694
46500
10794
5413
32295
51760
51122
41212
22861
2425
27077
65522
10162
37595
44501
33670
22996
10577
36813
40467
28516
47007
24446
55883
11203
8473
42815
18371
54249
8990
53131
5716
58883
16744
43940
48351
17889
15506
31983
33899
12274
33375
44516
19362
13353
4634
6531
57077
15453
32995
25412
658
20416
33253
52275
4260
42323
14697
2096
12386
4428
14438
31150
51987
56345
42566
41135
56915
7870
57676
8623
1974
5750
15236
35295
57874
27992
33453
36167
27233
15754
7187
49372
17550
19128
4894
31325
31698
55058
32456
52519
648
24974
41593
42715
4429
30675
22536
57408
2231
42569
2636
13382
24567
36454
54024
54778
51007
49980
45081
7322
41181
29422
59442
39039
52181
56781
40302
35814
12244
15113
39556
21328
31676
17569
25223
36185
41823
6555
43715
34581
24071
39337
64912
50657
41487
26224
32410
39819
33986
51966
13290
51063
17210
24583
64802
51689
39605
5136
52365
23722
46860
62746
21719
42055
35777
53920
42237
35153
52014
1280
27218
48446
15210
17853
4564
40618
41233
30098
31228
33386
47402
59373
27087
21773
397
2911
65367
60724
7558
58722
65272
776
22388
55752
33546
50513
36339
11084
47539
59945
25430
37830
58945
55135
11930
60740
60609
37855
57230
35619
44675
58943
14044
8924
30010
56993
48290
64652
16321
11780
2153
44880
44789
20616
44116
14144
47342
2513
63265
20342
40091
57358
15503
64675
3290
52115
19893
28312
6768
18736
16220
41167
48209
25279
12021
40809
30598
56953
35913
13709
37040
7811
64636
16957
58498
64461
49401
39312
25340
37614
28502
50737
18386
14550
17333
35939
5943
11267
51753
27847
39736
28843
32484
13626
22715
13935
22953
62470
1071
34722
46242
1020
35119
22419
54043
12440
54936
27562
33925
29769
41901
32475
23941
51221
10520
39791
13613
16657
47821
23653
34272
16382
16267
50368
719
26041
51908
6969
65092
55286
2114
18299
30881
42111
57683
11339
9666
46458
42805
6063
42952
49153
24318
22029
25982
15902
15312
42431
48744
46526
44574
6444
32488
25850
46296
37858
64595
10837
60051
38793
40968
28072
41700
9782
54150
4837
11134
64421
62801
27780
14778
52562
9790
21812
16372
22491
45141
25675
37256
36544
5442
27264
17772
9406
14633
3268
24751
50800
14201
53313
33520
56652
8106
2853
48562
37060
53244
25495
56260
40657
11765
64767
24507
62558
44005
3074
45142
59606
60708
13313
35569
31561
17365
59783
3475
23560
19257
50704
46780
60081
57808
55226
26037
40580
1694
50408
29201
37762
10270
7879
62944
19232
52718
32720
14494
2276
25288
54543
20121
61269
47691
5025
12475
15393
22327
49223
57624
37844
12846
35403
35795
29431
9669
9193
2412
24228
16015
60957
2304
57604
64807
9034
25029
24420
21527
64027
59595
44314
56928
9833
9220
17726
12726
32502
10171
32795
19141
52995
9192
61986
1431
20003
22585
21738
55816
37245
48595
35229
23777
29560
54010
39790
41007
20301
36996
55673
10015
52929
55023
56888
48906
11051
46784
56956
60863
27516
47630
24877
15335
64949
27345
54590
47994
63431
19936
62064
5636
19983
49661
21821
1148
2214
18757
63743
30728
49761
35454
30649
59341
11844
12831
37209
62890
201
48775
65347
3798
3205
12206
12751
57846
34976
31946
19892
10940
16672
61631
25981
28528
61942
64960
26036
41093
58399
16109
18848
36057
65220
61757
47097
30137
42284
65003
52455
64189
4359
17561
58541
25726
49010
23765
28941
20969
19674
1399
13936
5035
61638
26431
17085
62427
28637
63365
15924
65238
26371
16041
44559
53970
59424
55005
26650
53700
54203
39693
21117
18423
65026
57454
4147
29449
23367
36088
10912
21902
45955
33804
46352
28532
48231
20121
63662
37463
3571
54738
38971
28229
57655
5642
55614
63004
58519
5019
64853
9744
45501
39825
15405
63333
55352
9651
2021
35710
20606
9945
1378
46920
34285
48053
6492
44179
58675
45023
60035
2815
13067
46340
21348
19115
53713
31989
3115
15898
45263
55909
40922
37447
26650
2820
58204
8887
32084
6300
45716
6749
61073
61404
36807
58653
19851
45893
11676
50101
57788
59760
54374
26337
36864
57731
63702
47725
46853
56014
36527
37891
630
16880
23622
11682
47098
13789
63701
38970
39334
58780
24701
55057
44685
53698
34578
18906
43705
16062
33799
45101
53648
11730
62929
55271
57317
5337
6028
27541
60393
6570
52837
54046
38121
19003
56768
2587
34012
34302
54309
32149
53069
42381
33347
48466
54993
12091
44614
6704
679
40641
45861
13523
6397
6353
62747
27733
49229
60974
10498
21934
51447
54875
18262
46508
7570
18522
24812
60028
50384
50865
23525
61226
48759
53944
28300
63557
24853
13938
5183
47562
30480
6071
33382
42170
40860
49405
3084
61095
16904
39514
11345
30201
9916
9619
35088
33532
37101
10433
46855
31581
19805
6283
10142
25867
32799
44288
33896
54289
57701
4187
3335
16405
18380
65324
41408
7552
34783
43911
13873
18783
8162
20391
5243
45328
49055
27927
4948
56730
757
36542
56318
36879
52245
23960
32391
27232
25131
65031
43998
24210
38995
457
17876
51922
59791
58942
47486
39145
13268
6940
2102
24796
56653
24187
37431
24765
