58344
17142
53707
37979
58161
55166
62597
54481
65471
3458
38042
30065
63801
58709
44430
47746
60065
59503
33143
47975
2552
45129
30301
10925
26619
24507
35710
38382
58750
15211
49596
11806
37048
35855
21878
58461
24327
13632
6300
30769
58653
45980
29634
19610
14080
63050
41664
54280
23022
7612
28509
23559
63427
37449
34268
20670
11162
23894
2181
60964
34460
60193
65298
18325
18303
60659
46562
40692
39103
1651
32233
49489
32120
11771
32829
12932
11963
18532
30797
12154
14894
16062
20757
16786
36597
32125
24892
13313
47896
40571
52822
21098
40888
44134
17234
28410
6325
53083
47904
31314
55127
57270
64734
13686
40961
36047
59284
27255
14292
9080
10636
17835
26836
30828
61243
39939
24980
25206
15578
16128
47216
7203
26710
3710
58752
57196
30131
61193
17631
46416
16513
45
46869
19024
1838
24238
41757
5054
46976
47961
16783
33704
10261
11083
10854
40290
54953
48952
6398
20244
51954
5276
3208
12897
32766
42330
55362
43786
20065
36838
54952
58497
18194
54513
56431
30359
57823
39735
24308
6355
43602
53933
27283
13249
20026
59487
47942
4773
27927
8777
50794
56313
51081
3661
42125
1806
8650
27563
40393
8937
12272
24127
38983
4160
34126
34496
20939
24221
9735
32895
18054
55907
59797
41787
33044
56686
32263
12118
9132
31177
39265
54377
45526
33886
42617
39630
39062
57519
25683
58878
65306
14680
17002
43472
41698
36094
59904
46883
34863
21849
2959
61764
53676
39894
25574
62454
27291
61071
25293
50380
1281
29021
19748
13520
61268
11570
54102
57149
59570
23303
19555
13652
8827
30985
36534
57149
36246
15170
5656
48021
30293
19118
44573
9020
37618
49763
27919
32030
51591
45134
51456
53227
22658
4026
9267
62026
30087
30184
29912
51868
10536
2696
1996
46783
61836
52174
50826
60083
26663
35796
20079
14522
39321
41766
55669
28192
6507
36720
2457
58573
27398
54724
4956
9142
49656
36614
17776
21668
43378
56767
24713
19973
34288
33114
5713
29931
4039
17741
12345
22300
26485
5342
44487
23878
65117
32399
33961
419
14567
59871
6992
51777
43368
23620
21764
28924
48300
23963
59609
58591
55233
47752
23110
23415
17956
28120
1011
30754
11275
16731
26721
61188
59880
53493
54664
62479
57452
24321
34170
7594
51668
6835
40582
55044
22421
31739
25801
17147
51934
14526
13486
39115
5531
3232
24164
4740
32612
3345
34697
15946
32719
39447
33368
51024
36532
51523
18158
12516
41827
618
64747
52403
20556
21336
23086
46879
10624
12947
19092
27385
55354
54324
55247
61438
44409
45791
49258
46846
32963
14646
7005
60930
44705
58516
1253
54209
35804
31490
37150
8476
2705
1454
47402
27409
61466
51514
61480
47004
1261
26831
40981
44446
49142
3654
49465
64624
53818
32515
54435
20387
55565
43302
32797
48339
29000
64582
4137
15109
51583
11242
1776
31517
13730
32701
37456
23918
24891
22302
59833
36790
48458
51644
64433
47311
17034
50683
50207
8826
34698
42370
28255
55277
60379
60069
32695
38935
37998
6747
12334
43412
8441
8317
22087
50435
5801
52786
55685
48586
39039
34347
56039
53179
53643
4216
65223
63308
36276
29111
26625
56989
53242
62646
24730
54393
8708
14850
32764
61285
22510
31236
47961
19173
3883
20589
14446
35411
19359
14683
58449
27796
13858
4722
8788
65099
39404
8099
58362
60851
10483
13828
2329
33441
10504
16428
54556
65435
27577
35388
52841
7644
40902
44342
63057
2190
33476
11875
16500
58000
61726
53382
19957
10810
60953
40030
61310
36399
3829
18580
21629
5035
62692
30588
19702
56377
38595
54471
57532
33713
44956
29515
13063
38601
13387
9352
61721
35137
32097
11435
59536
25152
39816
22689
36525
46487
31950
15351
23150
13481
953
11335
41161
61153
46626
34350
53888
54668
40053
36895
49360
59970
50425
26987
40847
29486
51781
52028
29381
40022
15616
9628
46512
44491
33456
60821
40019
94
14923
4811
38180
46295
3289
9229
2587
2758
14365
52988
53488
45517
57361
60081
58984
60739
38473
46162
28423
23152
55771
4603
37760
15690
24468
47598
10175
55754
7094
51597
18521
27989
56890
18910
8825
4060
58038
15129
63527
62452
35153
3671
13514
63617
41781
52996
60591
59764
11292
6561
32667
16434
59997
42191
54566
38176
22833
26874
9462
59489
38259
29786
55743
31661
30419
6908
13392
12129
62651
15556
12548
344
23694
33829
2563
12251
50961
27061
38287
36293
7978
15263
1894
14509
48038
7641
31729
55668
43864
2254
55386
46728
64267
30244
29639
27020
44410
39593
32611
14443
8218
35214
3225
37719
58620
5123
6969
40436
36482
50274
20201
38295
26591
42009
25190
41245
38495
24023
28672
33400
11465
39230
17021
52738
38969
16160
33562
53408
20567
54480
58251
22619
52432
56703
5541
47673
18282
23125
15564
13816
48594
57486
5915
38159
19863
51719
55761
54155
36155
20541
63402
34915
35319
43438
20384
43418
51521
60378
51927
2883
11916
63649
23405
9853
37826
19108
57236
19762
57574
29861
56315
5019
6781
52075
45232
17793
41432
33740
13959
3837
55829
22619
9313
30123
17170
44225
24878
59532
19904
58574
10452
54057
29393
60700
31865
30489
10116
18703
18290
46824
55311
29774
43484
56901
28200
52620
27678
18043
47918
41503
38348
4871
64494
15269
51736
45370
16739
16057
102
55138
21228
53411
9534
16139
56115
56226
3957
35660
56488
5246
64736
40122
11863
7514
36478
59797
54592
35325
29926
6637
24082
56385
11375
49522
22879
31731
59992
7692
37179
29421
53706
21528
32673
8859
55525
24751
2317
7903
49915
47209
61733
11015
39753
55387
3885
57049
56747
14863
49554
18314
61311
63626
33575
16304
24381
60976
40498
16751
9632
38848
23274
9521
60955
50605
45522
40699
31139
2046
44717
10255
5138
24685
58930
10832
55741
7179
37642
52863
18755
33097
54224
8257
34475
57909
8769
8056
30879
61690
34540
62596
24497
43045
7594
16081
19003
61724
46774
30309
459
42974
43292
59383
47897
9853
14745
20454
18794
55588
57555
60309
47660
22758
42053
40687
22346
40701
51043
54465
15504
9341
13654
60025
47583
985
42992
3787
9131
22309
13628
6673
16438
301
8676
15416
31754
3034
19755
55582
20867
59782
10557
8900
40463
32689
60962
55714
21437
41947
5230
63604
52763
60304
61150
63467
42326
57328
37696
17997
4729
4400
18403
65175
55473
48108
49059
55142
48332
57061
59632
27347
7742
3006
12954
29708
7071
53951
26167
20944
48495
51124
8733
4843
34550
65478
12976
26206
46023
53761
54517
33077
35830
37518
14943
31943
10312
11795
60375
54073
38513
9627
49080
36014
7551
9937
9186
55116
34902
14885
63346
9026
64552
56750
52475
13757
28142
24651
11781
58513
8728
37030
13382
13508
60181
37416
38824
33655
11552
3780
13164
43727
52328
28757
4690
15120
34335
53873
62360
37765
3056
37692
11123
49384
47807
23767
63583
28503
21664
9631
50541
48974
61775
16766
39690
57341
21320
30029
58066
50329
53655
47554
22929
11799
15894
44210
46559
8639
27262
25623
10405
23451
60750
57078
7840
60439
47272
9526
12579
9687
38276
40295
18458
13741
18452
48203
50098
32707
11752
2412
52975
30329
16508
12599
41221
34984
60736
40103
38258
11554
5988
64760
30034
8515
54432
23322
8606
15659
55773
22496
2487
52019
34394
29784
63743
46585
715
51015
27557
9110
18538
12073
60985
935
25519
52769
55493
63327
48505
9576
23270
56681
9557
28206
38544
17079
52923
2335
166
43636
62752
32732
10650
49076
1555
12179
45220
59397
61708
48774
25456
51847
2260
9332
24590
708
40016
36124
53615
30105
58682
33049
57173
41327
31005
41236
60668
38143
7986
31381
12049
62302
45418
6601
13535
48400
35351
61797
23882
41619
64846
15944
57507
57838
20851
43580
14552
5540
45541
35465
38420
35908
1838
24806
24190
36916
54884
5187
8027
11764
54420
48361
18602
50583
13809
29132
33737
35157
42712
24020
63420
4132
24175
31771
9306
15480
24925
23596
60830
36557
2551
61786
6994
30662
37982
45144
13231
39014
29989
22652
59434
57818
55114
43207
44817
537
48503
37335
21048
36922
25369
31989
241
22287
13575
48879
3598
42016
54631
23742
15276
1899
51352
40318
45046
14771
32141
23392
30206
19539
6972
47230
7240
30479
32731
57774
36808
30394
43367
20632
13396
34746
3240
54641
58350
11643
14500
41479
44724
53580
2852
8882
27952
15008
61404
2265
35987
44726
41947
6913
18977
40385
55962
3218
58375
53764
36163
6018
55864
38115
12636
64977
62838
20192
17910
3829
30267
24124
23767
5865
40702
50414
30882
9943
50281
46283
27543
22872
35793
27547
48854
39709
9510
13499
58550
53552
3084
42795
61359
54570
18500
53105
21006
479
36482
11581
8053
13997
33960
47239
35261
31365
49367
18473
2015
32993
37236
25853
38033
5175
21807
36881
583
60294
53000
3270
55128
56371
51363
44927
64177
10460
16429
41643
40720
64396
23826
48117
19638
51959
34312
37481
38824
59497
11582
9514
12998
8894
55866
25994
47388
57160
39019
11172
2187
34497
17399
52867
14084
23724
11306
64079
36971
55588
56974
42072
49463
29170
21809
58083
28775
55223
45942
11958
4155
3688
44714
24017
57760
37252
26896
33556
43524
57403
7775
35140
4429
58290
46762
247
27044
38222
36301
41295
33371
22106
23752
43185
14946
57600
56314
15206
26780
48589
37135
8520
20073
33442
52983
24036
41687
38218
58169
9481
23567
45453
55494
23731
42695
5988
17638
45448
64942
39769
17344
51540
7101
62978
31855
20442
20691
12017
27180
12816
52315
39487
12289
34285
18856
5582
29146
59441
30511
31110
53029
12830
28242
64927
53782
53476
26513
63032
43303
36074
55006
51114
61261
43998
34513
31488
31076
10440
54389
396
13528
63555
37687
26940
13011
37386
198
23004
18997
60435
8241
63624
61986
15856
65441
53064
21993
58532
45236
55147
35882
36807
46871
20186
12158
39545
50170
24917
56323
4237
62251
31456
1818
55955
11520
2967
37638
52996
42663
13574
49230
24505
59043
10798
64425
1495
10741
28102
36637
65200
28924
36041
4214
21040
49196
35353
57303
30453
55202
55389
18193
51593
24380
4547
43195
40829
36529
22734
47348
7641
51315
54523
14161
52964
43920
61773
7963
51421
13823
35850
34934
62173
56465
2247
51796
45584
37128
46104
54049
20187
21251
1631
39474
35948
4006
58297
24593
39330
29191
27484
3276
31010
2244
61743
51210
5937
51803
991
8965
19992
8230
46903
46566
17615
25590
56290
31041
59532
30508
42438
28716
28472
10026
5432
52745
51356
8497
8872
27632
63943
35311
52751
42471
14143
39240
4744
40177
55004
12293
2674
65200
36618
9949
47594
62557
2550
33236
30688
57978
31645
41555
30581
16708
44704
41381
30853
481
50013
16898
21824
7899
48289
25154
46928
48700
22736
6364
850
21800
37215
49149
38552
16383
51094
2301
20357
38324
10816
12479
55288
59922
63071
41583
30216
24542
11097
40662
8354
55682
25697
47143
63787
55092
11238
6028
6420
22628
5815
61352
61882
7285
20920
22643
56044
2578
37710
8487
26039
27012
53158
17115
6994
22351
52670
46943
56114
9353
40957
27874
39309
44891
45093
9571
46159
14284
30470
195
3854
26826
49966
57859
40720
4069
2045
28593
35303
49465
1927
51082
63042
24109
6446
12857
11934
8910
53273
49882
43487
5444
2917
21518
25781
12412
44002
31528
42865
5898
26000
31821
34931
19096
1320
50441
51517
7820
28645
53825
30892
34360
24822
23955
22928
52962
49276
52824
54479
38465
10303
47236
31709
20715
26644
50585
36256
44704
6478
39733
34118
52207
46660
25747
35431
46032
23535
47912
13111
241
51149
25778
14183
46022
51598
21699
33166
59346
31118
48390
45470
7779
9262
11329
48664
25529
7400
21414
35422
580
24854
14882
58099
58076
46469
9531
17229
13230
51687
38651
25955
19695
57190
62361
49067
40316
50922
23514
35009
43404
26209
8325
3345
29790
24120
35982
63031
56761
57562
18682
53894
8888
16869
29174
34032
11378
64340
13233
57330
17180
35538
15969
42949
41501
39000
24993
1313
58341
36079
41254
1955
9493
5665
64661
2192
31986
11069
46207
9533
52859
63886
10411
56386
49411
917
32529
1331
542
55194
13817
31717
41753
50262
47871
9768
24450
19159
6892
19969
44943
62040
47956
1203
32562
28323
7726
64012
24024
35979
25938
46894
13257
53537
5900
13412
38935
51245
42845
43501
48294
54649
19760
3028
938
38316
46733
59066
18888
10858
29725
57846
63889
8473
63296
26479
43014
20259
27592
33759
21166
41288
45728
46691
51091
1621
39154
1300
63293
41199
51843
43951
41915
26960
51765
48661
61897
25955
21901
50829
64636
13592
23998
18340
48657
10150
28097
18494
19727
20618
26381
15180
33589
43500
59030
43207
30693
6724
40808
64192
3907
37514
24503
40531
41586
46170
19437
19917
48052
540
19333
27755
61078
5893
24919
40021
40422
57885
26938
31682
20884
28230
4807
36530
51675
9939
63574
19278
19861
25091
25991
30217
57284
29880
45039
26824
40230
31807
60652
43044
65050
60342
29628
49156
37473
59987
11767
59058
23335
51712
37275
52810
34635
51537
5484
47027
40238
25935
13410
13041
56310
14375
44270
22208
54367
22515
27582
3923
53348
16665
32344
62892
51021
1310
54776
42461
49006
36152
14121
16900
31523
25735
39496
21710
2879
54882
49620
116
63024
54978
14615
10531
32366
58562
30690
21475
3077
22623
34340
40583
9093
5279
23421
5946
19892
45331
56341
57770
37667
8692
9038
53802
11670
39061
60090
4333
56847
39482
7858
56428
2409
51617
20000
19559
53346
27478
64879
57423
57988
12029
44273
32648
41632
20543
63584
5475
35256
24981
17122
54767
55859
52617
15651
49559
49351
29768
44893
28910
34857
56324
18951
59696
41544
47604
54301
26676
1709
47920
5068
5721
9820
48921
33208
956
24115
1922
8852
46692
4275
7422
16910
11157
1445
21112
41194
43577
12146
10612
64980
64610
22760
63824
28857
8080
23725
48720
1708
57565
35919
49738
22695
61609
41370
40795
3909
18494
60911
26647
4465
24991
26312
50593
50821
29095
19594
39633
63046
26898
40368
6371
32898
38425
29680
42898
49547
18648
43832
17646
15034
56719
50089
56225
30643
59784
7187
45219
40198
50362
13835
8088
6787
39095
11736
62148
13534
42695
2135
47634
53940
50090
6317
17933
12542
35918
25540
13458
15902
65294
55159
21312
51452
65031
35190
9611
33328
37503
38699
3949
64970
29702
15135
39643
59011
45434
52185
31630
34672
25352
4951
8121
45888
32609
6129
59922
5989
39600
18203
689
12222
6599
4807
1142
17036
294
52223
24988
49565
64160
25359
24716
46038
856
31223
27014
12579
2022
56376
49014
34396
22184
17675
24922
54731
34195
33034
12252
28504
56762
8961
23324
61699
65155
18111
31001
36218
15555
12378
56491
44925
21921
13140
25805
52945
42210
34453
1171
12504
3685
39764
38057
60389
59917
57338
27450
47943
63676
34359
13798
4492
55717
48769
51625
29018
29763
51329
59389
879
5944
2667
64127
3499
12033
50812
16008
21482
61538
52210
47192
54188
44985
48749
13220
55610
62361
16272
14067
29610
7110
44516
17521
51406
15032
28794
17581
21949
503
20944
9879
1942
36968
64304
16972
55197
16244
34854
45468
18144
30070
64369
11111
30831
18968
29342
6493
1743
60430
12023
49705
59949
43927
61045
48418
21004
4973
26151
6482
44749
56573
33529
32659
4582
9115
3999
2574
58583
39296
36188
23358
5772
8120
13239
32772
30221
38535
32244
15404
23290
32596
27766
24601
59126
49385
47346
47237
18526
44919
1753
51285
5362
40547
11462
45926
30492
44414
55775
11994
48460
39502
13833
37130
13004
8819
54262
15038
22030
33427
44001
45072
51219
36833
62960
24233
18462
62057
19517
39737
15571
21264
57418
64242
39765
42509
1361
41909
57390
50659
649
18756
52206
31924
48351
37672
26572
20409
24179
56186
33768
1709
12900
7724
48496
54980
37676
15807
55998
47041
62264
40251
51320
6759
43357
17534
54884
22118
32260
43894
26323
60768
4340
6813
26862
51872
62322
29306
27610
24218
18339
4987
62576
55993
16545
1684
36737
36508
58314
59523
45852
47636
29841
60449
12270
11862
63037
45754
49752
27000
48689
58227
57287
30913
62149
60405
39474
772
1768
58693
31869
51692
21112
39035
29794
30473
5874
3627
17079
46721
39970
21446
12550
61433
53818
36861
60361
21583
9386
4363
45598
3136
64961
27546
41216
14505
65179
28580
41391
11605
21539
39433
42076
41572
48613
61043
41390
917
8736
52680
38901
28155
3455
33850
16731
35428
41251
42908
12468
2785
33597
29358
5514
30314
47988
38766
64183
34847
40190
43910
46756
35970
59256
55651
62860
57447
15458
46185
8919
42249
10933
43951
13119
57506
22839
21104
23057
5148
31627
50961
13433
63291
43114
1785
1825
29590
19199
35493
20071
62877
45038
40897
14351
22968
41460
48591
19266
34502
29606
4805
22592
40113
56590
50740
65423
62875
5836
21107
60642
16907
22791
2454
10622
61146
17151
51061
18151
10685
52618
11007
56821
17079
38251
5029
21966
28906
26119
32313
46875
44154
44680
7735
24332
61675
57179
53341
13708
10875
44577
24046
62335
558
30112
16162
34609
37124
3578
64698
47272
46214
58088
51602
21070
42646
35171
29416
57640
48410
10910
23097
5339
8863
7954
3358
61591
22700
17602
51089
56721
49354
59680
20872
59783
36278
57618
8755
24677
19685
16266
5107
6679
42567
33190
28593
12690
65120
50525
35077
19571
5773
26258
13752
38536
6336
35414
56311
17675
35404
53668
62049
9832
20659
43450
36732
786
44424
59698
52388
29044
25843
61661
5529
5178
7736
55377
15712
42853
3752
24091
38816
62433
5983
51019
7039
28388
44340
16417
1997
46197
47178
17603
34136
23989
20241
26326
29397
26603
35128
37967
10464
14428
19141
15199
34921
8468
55121
20978
19701
41183
10763
12489
60438
5656
46797
46996
11282
12476
65226
25970
46809
26981
3841
41120
1284
59805
29070
46637
31917
2958
30301
12160
53226
3476
10740
25211
57530
60499
53376
22308
48758
22434
48937
54721
36432
17851
63530
27738
41041
31076
5900
23206
37387
39755
33123
53282
32279
24481
45053
55669
64362
26570
41184
48144
1936
22853
8933
51863
30391
39053
57249
18007
34032
9363
51470
28657
27038
30333
10825
36402
24496
40870
52886
15954
63893
37116
57131
4673
43377
64314
43263
897
18988
17278
56232
26304
43676
37535
55978
12623
38576
2651
54727
4422
23310
64446
50379
39564
8713
45057
28699
18527
24706
11751
50639
48757
45039
14028
43769
7456
13260
44528
36358
22866
40233
43191
61514
15211
51646
8069
18732
33533
8283
49333
40833
9932
8295
45369
20506
23059
45804
13955
10996
38153
63342
5698
11526
11381
50779
29817
10733
45602
56116
31278
1933
4481
8427
28891
54426
20776
50907
50476
17947
54118
44056
61550
12356
48304
41085
33410
28564
19614
30108
52218
40096
52435
38587
43594
35169
24946
43501
24146
26466
122
50444
57254
57467
6113
31851
10423
8514
57953
42527
10988
12971
35788
10912
16442
35072
61594
25276
40360
65237
32189
35004
30320
60612
1916
42993
4151
24761
53906
58947
50512
2669
16693
1972
54346
8279
18845
62495
62183
25418
42322
18859
42595
16717
15941
57888
60729
52747
50101
59257
5404
3756
60900
58694
18116
52022
32518
48818
38614
17121
39346
21260
9150
60062
20493
14764
18108
38442
41039
44664
23135
6149
10130
63017
11777
51983
57432
31773
7535
45480
12341
64704
7628
3318
35273
32827
14339
13581
39620
42579
54072
45411
2977
46517
26492
51155
45715
60638
13705
29789
17218
21572
24099
39085
7857
40068
57981
62313
55728
21162
58809
15877
43142
23180
33071
22695
49965
47237
30619
45205
10266
4394
44146
23587
7686
47270
16895
3082
36425
65338
25899
23362
35760
19623
21074
61583
26943
29683
32417
12306
44770
36940
9130
26179
28124
9659
1222
41795
53168
44592
49916
60117
15810
49712
47850
28123
59355
19249
28639
4875
22465
64119
18407
38308
4037
9699
8014
59995
34347
16096
6030
50006
35093
29601
60371
62376
36166
30941
12179
20636
41329
26715
4428
9432
14390
20456
19938
11482
61177
57142
3208
52221
4330
25295
7185
22040
9988
7616
31063
17436
61393
21528
48025
28567
9891
38482
56158
19030
34877
27140
15778
32302
2077
50764
46169
20675
73
63267
38148
12056
11395
5993
40148
50836
17601
5105
37638
45953
23609
51191
65432
59600
11137
6551
19280
15315
32475
17362
21123
64215
7094
55289
54854
14864
10046
43963
48179
55936
54732
46845
9866
29883
58782
12077
23732
28120
24315
28170
36902
20045
3165
50878
4236
33887
62561
10997
18381
9541
64675
19889
16712
38268
40055
14376
65250
40679
53838
16716
59415
1984
64199
58640
48649
43191
9311
6069
49496
37787
40461
57118
8152
32092
58048
14036
41957
43555
32804
12182
41059
37170
13435
2951
19529
29335
39510
28869
50836
17851
47673
3569
13955
31028
47869
26999
14104
29783
16840
43500
8230
21922
27260
8213
21428
44419
14336
20631
49122
53881
23587
59653
98
40476
16222
52472
18471
21816
10752
39693
45793
57770
51395
62491
38127
1324
54720
7612
14486
64265
1
48278
11272
1726
14504
62592
48731
30852
8921
50715
18867
65043
58369
18657
6222
39239
46479
35539
4835
5112
6847
23987
44117
65474
45324
63989
10690
9703
33036
12537
59564
50140
35737
50456
16608
25640
37498
9376
22491
18875
17848
8325
37082
20230
8719
54536
5984
36502
52998
14980
62185
24007
109
8013
55622
34541
52802
60101
9688
6529
33254
14060
39011
59703
63657
4000
36213
30356
26866
19033
7557
25855
41692
12413
37552
53532
43665
55819
40056
44236
45922
52988
31432
63676
46446
54487
1421
18028
13775
30037
23913
60269
28658
4773
33343
16612
59235
10945
46723
8060
28667
7899
28764
976
33257
32950
52742
7976
50373
61907
31246
50707
64787
51590
19814
30617
48892
20488
59369
33110
51859
48118
34779
40449
38191
58297
60561
39466
28308
16222
32288
1993
19978
34023
24474
14797
51311
25094
59860
19692
13850
40320
28427
55882
31195
52378
43846
42540
2091
17469
51598
21433
61279
11937
2974
46941
27296
7542
21480
7741
59975
25894
10339
61885
64590
59723
41549
5027
36611
24725
46585
10667
16421
210
52604
28160
21169
61789
3667
14926
55569
12726
24339
50674
27268
64562
58400
24429
62566
24266
24155
64476
61781
5319
51030
53663
19068
38317
10105
35563
1410
16370
5924
19040
52891
50115
11960
46019
5917
11736
1075
12474
30051
37003
13270
58018
26270
9772
17170
62523
37791
43771
55195
56127
33670
64822
48767
36000
48276
63901
57552
49120
41059
39668
58152
26896
15573
26439
42387
15139
24808
35470
25670
1247
58844
30609
53689
38664
65206
3467
20823
1026
6243
50428
62817
20831
48798
7836
33942
20655
16388
43758
37015
48976
64596
49690
35225
51148
7980
1029
55358
29666
49314
30509
14007
46264
51824
61139
24472
44341
47865
39337
31746
32755
61424
18354
16945
24868
4712
37104
32981
59084
64392
34625
12041
22829
25227
33668
54463
16440
50667
36051
33770
64700
23347
18321
3248
51526
25674
53157
20841
14728
41954
41887
30434
60151
31342
53524
46537
6771
12323
18334
35573
56517
40857
25869
57786
17704
1955
193
55365
2171
61495
46350
59060
18472
25957
45354
10382
26698
10985
4881
44236
9612
53304
47483
40022
21549
14961
6574
34205
26413
48602
26636
29944
64863
64549
13921
3930
64688
4145
60975
2463
56398
3841
28969
7980
64816
47079
38203
55675
60765
48719
3853
65427
11562
64126
23978
39802
57835
42052
24667
62818
21045
42339
22128
23042
22135
45364
41800
33304
49593
989
53208
26167
46588
43076
27191
32670
30227
50816
55668
49457
47191
20999
49639
35794
46629
36817
57393
58767
4290
49230
43124
57379
16433
59077
63886
15458
26639
17360
64768
2042
44605
35604
27792
62413
3982
21802
38632
13688
3407
54624
33361
34915
39235
48564
52648
911
20355
60444
33806
39044
981
44876
59358
3033
12604
4918
52949
23878
54312
23298
42632
8009
11960
39104
25227
46165
44987
54669
29952
33451
3568
51589
62511
34702
63442
48700
36163
53388
30838
44331
37302
45550
26607
65065
18419
35032
18793
8891
26511
30998
13605
33832
31408
10035
60900
32609
45538
33629
62648
30019
24267
7530
6871
27649
45957
14638
63901
36746
26571
62844
47980
50053
25218
60479
44162
55571
61395
20266
31291
37055
43119
47298
26974
7287
23522
13325
35094
159
17319
61989
49318
9131
15666
44175
60642
29872
61319
59807
2079
42902
38515
47810
37219
60252
5105
61734
22493
12568
7553
50420
1059
31084
38311
51264
51228
12980
45057
3533
15277
30170
51094
58546
25199
34402
56725
25560
15547
5848
36832
52183
52987
63507
11837
19948
43078
44024
7365
20372
17995
10295
26824
29473
4381
48937
43519
33182
23405
63056
44158
44647
19500
58334
61909
34074
62160
61953
40467
8325
28395
3048
46853
51004
49242
12223
59876
34811
22541
41672
3985
6207
47242
56417
21125
6689
44284
17138
6672
35792
13316
22899
7741
37785
48612
25387
23996
63408
48918
16718
55321
19732
15368
15833
30756
55037
35960
36204
18219
38392
16938
6652
4893
32762
16905
19115
787
50286
45235
50091
32634
38741
49620
43033
40935
41243
42880
52996
31452
58024
25820
45256
18135
49045
34059
26533
5424
32411
53691
53439
3234
49763
23926
46758
23690
32869
34448
5593
63138
37384
16578
12183
48361
61428
43104
11749
12161
51698
10019
18290
49425
38619
59586
14331
46177
31939
2199
6171
60571
35151
59709
18203
47266
50749
64674
46728
65340
24020
29260
13441
45262
57646
22289
48810
64230
25346
6246
21161
64627
29192
16064
22960
45504
31176
4013
15532
41429
15206
63809
5846
23887
27782
35486
11611
9860
19322
13299
52783
19592
42264
37146
63814
47641
64521
42344
49319
58449
40565
21387
18644
40650
65423
17481
38478
23588
61480
55570
50048
57219
20713
6174
44250
23697
38397
23124
7590
43265
56089
8858
27999
64046
25085
712
28955
18555
41975
15315
12649
12619
32079
45915
49629
8742
54892
20438
50495
56771
8712
12859
59555
36311
33162
38808
50173
37247
36016
34777
56467
44856
61787
50349
13714
20262
21088
21869
51008
2764
398
43518
25433
64297
52878
62321
4832
56636
64954
39989
50123
991
52707
41055
51226
33489
59367
47661
5268
63277
29059
19026
13799
21906
5799
56191
15900
51407
29437
2770
37678
20948
26124
48011
36412
55850
64432
29880
3821
55443
13808
7335
52117
54604
50350
40952
12841
5286
51489
5869
24080
1860
8963
18667
56362
47066
57282
48606
13970
998
54164
48608
48632
57246
62389
31385
59384
28595
12467
7422
61150
58998
51164
18847
2189
14103
61585
43473
11746
48493
55210
18401
55083
15928
14348
29827
20262
45783
54140
37866
510
54269
48723
14191
6768
63042
58767
62792
41243
42128
12435
53792
10830
26810
42628
39019
47422
11158
22374
6889
3003
15796
26203
30060
44565
3199
4114
6194
51085
48783
53826
34487
12541
45168
34448
4064
44213
8319
51686
63432
31150
20216
37660
15980
12142
28368
4379
13865
41943
3110
8452
8211
30527
28433
16660
45270
25941
24403
17158
55073
59348
44159
50156
1707
25812
966
51776
39782
64876
64196
58284
50585
36777
51785
11731
64763
30560
5803
25592
18043
21302
15866
32573
42972
12087
2691
53632
23318
51297
51244
40376
49804
30456
57437
62900
56631
7363
50664
60708
24752
39323
6249
22450
3306
35804
64826
48438
60288
10417
19803
60636
11210
5631
49361
58914
41041
38812
25290
34064
57924
32291
38400
38100
57133
37474
1888
5579
50837
50991
30055
4413
60259
45491
39744
42623
50158
8803
5898
56567
53287
8828
32739
57143
33256
60906
34031
7336
60876
8555
54936
8512
65051
35080
3714
42189
15983
61365
57438
9781
59042
26133
17640
34612
3921
9317
56087
30759
3679
62296
13166
11182
28465
3784
56142
56098
29942
39678
25601
49604
53497
39151
36711
24522
28885
34895
22782
53959
58445
11772
19363
22178
20546
3938
49472
26628
62219
2419
44883
22956
59860
46723
33978
22829
17976
5704
25299
60706
20984
39111
59612
93
37866
47373
5181
36547
38660
10872
22350
23446
53431
36267
30867
27363
47707
6958
20101
25881
54087
24088
9162
5618
46366
8474
59249
10351
12445
20945
35157
3335
19382
41678
7066
29175
32344
52116
34898
20060
25176
1787
36068
7097
28683
35216
54340
21047
30329
6876
12210
3460
46381
51349
33019
23069
25130
16666
6397
5296
47926
21705
15764
12582
50537
63755
4800
63939
52792
42702
49451
59864
56004
4052
62470
51205
4155
63500
47148
55710
61291
28370
12770
62496
22908
35413
30458
63337
6689
41783
35281
54325
22751
43001
41289
966
47888
53450
14589
62763
45679
1644
20017
13119
18827
25525
61029
18660
55656
22128
63419
60982
50145
53751
43215
39365
49465
25261
34911
54533
45993
63911
32267
17929
7538
10746
54091
20339
6332
22680
13315
41658
32546
38196
18459
60223
63034
779
48105
14338
30006
48507
45400
41208
37129
11832
21853
50684
25941
11857
38811
3866
22893
10365
22133
40208
33195
19938
63093
31970
41285
4393
9590
4561
31189
4801
49528
48670
2281
36437
44394
47399
31065
9610
48649
61165
55397
51599
56472
5361
44477
38864
7092
28339
4863
18643
35723
28217
26376
3984
13078
47805
19807
12369
64659
40506
25548
7330
11359
19848
32218
59462
33690
9968
4646
21205
32150
59302
61283
5944
53442
30838
31795
63435
11892
51792
47176
41862
645
60280
64838
23309
51835
7897
18034
42179
32657
3554
36294
8745
4926
11562
62097
49138
16336
33648
8614
12060
15148
7754
15526
41738
20720
21224
27877
55101
58179
44572
9327
64659
14754
4128
40311
55709
60633
34950
28923
8823
10807
51471
33785
5869
39561
28943
49125
28060
46568
22928
24163
14925
3487
52730
18267
45114
54999
63266
58518
18151
54385
1904
63071
1913
4553
39890
14947
35518
46948
23467
37843
34135
25703
25275
29130
12137
39798
46392
47348
6013
23922
16624
29660
9545
63320
43672
12348
55505
14090
2085
21574
6381
2567
56135
55047
4868
54229
50577
11481
43158
13082
18122
31372
49847
3271
32253
50346
10186
65460
43106
21254
18025
42075
59667
34966
31669
8067
5032
56116
49301
28670
27253
54745
48473
54486
38415
1420
2707
3459
58650
52433
43960
5646
45805
5442
24508
65359
44374
45238
42376
808
57345
28939
46220
17648
40098
60415
33763
47708
41041
30861
54113
43325
35049
18235
63327
13557
11447
7504
18833
25813
9199
41412
9488
24496
61354
62057
50937
9902
51537
27631
20351
36643
65401
7934
8272
38277
46249
445
59690
41453
2709
16035
62225
37277
8981
56556
38387
11162
17851
58984
62532
42411
44959
14384
22898
14050
64106
25273
40719
42402
47618
28194
11848
46979
34576
245
41062
25690
7454
45609
21130
52011
22061
40589
31878
2822
45444
53016
44864
41877
53562
57327
19751
60513
1847
47867
35046
15050
56822
29940
3209
65074
41545
10101
4861
50132
17709
17024
2070
10243
44979
10317
31848
47237
47559
18923
3173
54158
11578
57509
3271
14076
59213
20203
52861
13948
21832
28677
9089
15776
29632
25797
12837
26299
29567
14008
6684
60801
5701
31554
17117
47486
2110
33184
40644
8577
32185
42029
52875
28500
35825
39637
59830
53286
63785
62051
59932
20665
5874
44192
47163
462
29136
61850
2712
4663
59123
31358
45567
40779
52460
20300
35561
8991
12568
4228
28599
45533
35339
51848
60494
7089
109
28464
29275
55527
43950
14894
59753
16716
30259
37890
59780
1108
48610
60307
48177
62072
47626
40972
55628
47133
35305
14290
51300
44595
13606
4257
52086
10900
46136
22930
31786
12023
21992
38152
45694
64462
41960
26406
39814
30477
30924
9271
45253
39254
2849
63683
14509
45595
40363
36284
704
45362
41710
34377
43878
10039
7981
6774
51523
28293
19855
48992
18013
47505
24216
61902
14835
43331
64175
47890
8752
10273
29253
10270
55887
37645
15078
13860
47505
27491
50018
1193
34051
38404
20571
6411
56886
511
34167
28014
38358
37781
36131
57398
32062
58551
35954
36408
32767
639
1299
12704
57181
21660
40424
41244
6885
24885
54093
13953
11822
58756
12010
40136
32892
9319
35921
16165
9666
33616
43227
54125
901
50806
10739
49306
59223
7931
22209
59710
10528
44438
7509
35162
47980
42996
20401
11202
17467
15152
18485
33125
16302
43831
56393
57359
44626
48928
27630
6946
31309
15553
5917
2832
915
2270
32831
52467
7556
59845
20970
42445
35175
3039
23136
54470
3832
49430
62858
54063
49267
20261
59843
63173
24832
42399
65147
27035
34306
47597
7625
65285
24707
55386
30649
10591
26303
19355
6397
50034
39180
2836
64032
50565
42122
44347
42978
36457
7765
51740
60416
22913
38745
15195
57375
21111
51014
27436
39323
17759
16893
50317
3848
30126
41303
27034
19135
15538
59700
12965
6066
34598
59079
50821
28782
35883
45346
29614
32997
42584
63907
8992
6789
14418
64227
17869
42471
46947
32895
54590
43748
59027
9319
41602
52389
38259
15640
26942
64997
31135
60901
27573
45220
50179
31454
33235
61330
3570
37083
36503
35454
58059
52006
63193
10082
40250
44803
19130
45862
26025
38055
20784
37916
14225
21780
29482
20138
21789
25807
51168
40942
28758
785
53279
3428
55191
6749
45425
3485
35577
61196
53698
36697
33318
18644
48842
8016
45949
8832
60718
44722
49993
15504
61936
49218
40931
11887
15275
20947
9900
19802
8265
30005
40034
32586
51589
55417
3641
54273
22030
30502
8391
18175
7550
14158
522
32418
48246
16256
18274
56862
6214
60976
29595
61158
51072
7813
14591
32506
18635
15332
44279
27921
37046
64838
5330
19331
39264
46268
2190
44938
45391
35377
25203
50323
20242
2844
47480
10200
31029
10627
9533
22650
45464
50817
16204
21457
7182
44268
19803
1299
19929
41544
32897
29575
58493
42081
38527
32288
57050
29603
1292
56604
55845
30797
17964
41145
20178
18944
56234
27736
51705
44393
54110
13095
20645
6174
59603
11603
3401
62846
32481
5512
50472
61964
15875
50469
8617
18426
12826
22909
48493
2453
28327
38186
63150
23250
742
60637
20904
44056
16292
64392
37636
18092
4205
25395
33940
7738
6173
36209
9809
18967
27379
56655
40163
15333
38438
26039
42426
40069
24714
24116
43016
27349
42662
55022
22618
17332
6265
30873
9077
9924
20962
21479
16252
18600
16313
48484
60002
12627
20638
52048
48318
24007
41174
31062
16003
40503
25255
59737
9401
8921
57524
50657
2784
35730
9982
34808
22098
32079
22436
58012
6001
59434
27920
17866
56106
35968
25075
41076
7397
12051
42404
16150
37488
36433
37601
3839
57979
61599
41239
37105
13115
27673
39129
16885
38067
4659
65334
10982
5320
19551
29825
46373
65003
29353
51516
46941
11368
34291
64170
28340
33666
50337
37113
2679
46839
15947
61893
40176
49467
52948
7811
39823
16626
36135
29779
35700
62611
3795
61199
64804
22839
22116
30986
3526
42334
47129
54981
52456
28018
15134
17181
54993
48400
6181
15702
39905
10518
31563
22236
31909
57089
62702
626
33249
41951
42615
49059
9620
15913
47410
10577
30856
44817
10612
56590
17963
30152
15116
54825
22223
33668
52983
49465
34115
26342
44927
40817
9293
7742
12068
46061
43463
41354
13647
6218
20576
841
34507
19152
29253
11806
16484
48605
64668
57387
62628
53468
27862
21439
3194
26173
24713
21179
30024
18722
10939
41843
24532
22541
59120
14178
20565
34296
20298
48923
50105
31223
33514
27448
29688
42234
51170
27140
30097
32228
13628
48843
24758
4675
10856
28178
198
45135
23354
38039
38981
21793
21520
56354
10528
62394
16387
45090
48673
50971
27077
965
33796
8359
57775
60754
63608
45540
54502
63198
38795
48791
60679
49616
16558
51034
3738
41559
64332
39911
38748
64655
1563
893
62117
27704
63520
59052
19217
50005
44836
23359
39638
6023
26711
16046
12275
20831
12707
1491
41402
49792
29309
25323
53070
37584
21102
30061
22966
12393
65454
43770
13763
19822
5234
65446
39076
38431
23069
36410
3757
53679
38996
24301
33947
26488
63348
13746
20309
28208
16443
33788
50255
50772
32542
884
96
47119
56723
33070
35007
16842
54518
19830
10172
6753
62411
7873
25869
37691
21563
5540
44318
58878
20453
53022
870
17467
49114
43945
43340
16625
9682
10184
28492
60249
25779
38438
47100
14595
21089
49759
38209
55898
55880
27217
29334
20541
20328
47881
28064
58213
24453
19976
21153
48514
41465
64639
1819
15735
4201
45277
47566
24622
4316
39385
24321
47802
64394
2660
37393
7535
5849
41272
62816
23135
49610
40449
54440
58234
6996
40900
34427
34369
11417
44081
50935
20114
45140
11804
13613
34412
13430
19766
3035
17278
31961
19873
50048
44023
62749
28200
54965
9461
49204
5723
48635
10556
5058
54411
19096
32603
9308
60491
32544
51167
3525
54787
37824
35386
52530
10176
21628
52329
10467
32640
26104
26924
28052
59180
7477
62283
57892
12726
53322
31863
33586
33679
62580
45639
671
33502
21743
57531
38704
65075
41673
3640
32091
58052
41482
824
9672
54441
17261
34852
901
2700
55530
51273
61867
26966
2198
57365
1952
33213
43593
8401
12332
39611
51110
34789
13055
455
58976
2855
9379
32469
19187
19499
14426
22656
63847
25151
41112
30278
8838
55914
42369
41818
3112
47244
45323
26791
2960
26222
58223
37891
41911
38742
52237
27820
24269
5349
6863
11277
44549
22789
33878
64153
50275
58343
747
44854
6129
4503
60026
1553
44017
12399
27912
15862
25192
54754
53780
55112
1037
61298
50588
61457
38912
63238
2807
44016
29058
61589
64254
63208
25091
57038
30301
28370
64155
44298
50542
40380
54394
29112
65082
38021
53447
34528
1085
56821
46839
22064
37359
50140
39519
51178
882
24080
26819
54690
57228
3782
7865
41322
15047
30484
36432
62637
24849
7163
40430
47980
49012
36554
61671
42652
34646
37215
29341
37072
31409
64625
24621
35202
53746
18094
58102
40606
4942
33901
35509
61724
3751
35199
44411
16981
48016
40261
19803
21312
42214
2073
62137
2391
29062
57799
54663
34263
7289
30888
63501
36983
5385
42556
26911
27685
16302
62437
52728
43761
43213
16033
39062
13945
20839
55601
29771
33676
58433
53237
34721
13000
22088
10972
63544
60534
60079
25030
27860
38513
26780
33284
37424
39978
38102
56350
6622
59565
9250
6729
41114
23849
7163
4830
48215
51852
29101
62137
37068
15766
63639
60427
48426
35480
58456
7541
10591
24112
57280
64865
32701
17700
25455
59013
45060
32696
830
44736
21672
25735
36981
33109
17114
60307
4270
17584
1391
47477
51575
47028
42868
4394
63375
53750
60886
35797
2610
33924
47940
20793
64801
9471
51422
10124
59803
15927
60437
43561
4482
45992
56022
3589
58618
38624
47049
14991
16377
24193
47896
1429
62592
19270
2593
20840
11292
49811
26472
1579
20620
58454
34264
46723
10300
43722
63740
32872
62371
51943
32068
21151
47450
48195
52592
36401
3234
51402
22303
50460
18917
4050
13051
55045
5448
7659
36300
11600
31731
35078
15861
28119
62300
36728
57104
57436
29944
7716
54837
62420
64096
61180
33226
364
44169
47602
26487
46312
12459
58966
33572
56904
53141
40404
52634
18862
14483
5337
18703
13893
48928
60881
41142
35179
17982
55450
1912
50272
5456
2933
5238
6912
495
52318
57526
37469
42579
36236
27236
15557
13593
42409
14057
23934
52226
14476
42829
54925
30576
45596
34587
15769
31077
906
15763
35867
24562
47685
20266
57053
10311
56711
15935
12257
37161
31913
25790
10908
42366
4840
588
26614
43416
15055
8604
63615
34302
38364
26418
24022
53851
58156
48252
17932
2951
31311
20510
10942
42087
34419
15850
45269
57077
10433
1249
7962
12584
16434
3705
34256
54814
6823
33642
6532
64641
64920
42020
30906
13265
42485
54333
6411
19864
25779
40079
2538
53576
13866
33184
25752
54143
27049
17561
38942
14020
42225
15432
13731
45126
25387
33428
60833
15362
47062
58214
23318
2522
10431
48588
24852
29307
19002
5852
34617
13987
6375
4353
59910
23972
51404
1803
35133
29564
37931
7289
48730
19870
65387
26456
30996
24874
5409
61566
14583
25122
605
14838
20414
11817
51442
43061
32580
50463
35932
2539
27030
16905
15598
23894
37241
5250
34116
31519
14522
22602
42799
20052
52659
8718
28234
56116
32111
29655
19133
11463
41757
40567
7106
60986
12080
8352
16044
17092
30932
21016
11796
16738
29296
19526
59158
57205
31367
41325
25266
61536
37218
61394
16345
3072
51486
42469
39756
21683
39300
54356
5221
10331
18366
47614
13942
16591
34259
19802
52528
45460
5682
65303
2948
564
19686
48549
59761
44546
2101
4023
49835
33914
40301
46173
38899
4081
30031
13132
18211
39884
35898
34158
27897
35699
55544
11443
24803
60887
1159
54865
50724
2565
32989
49683
1811
64469
24581
17689
38464
28326
59723
46689
49182
51997
7267
51820
19963
41693
49827
18307
39338
19717
43118
52826
24102
19722
60022
31764
29520
56432
54871
41858
51805
27395
24637
43711
5606
14999
17493
52266
32195
24862
6014
9101
59525
8995
22966
38052
34427
59768
57358
59107
39631
10718
21240
14772
4615
41373
1637
62843
18077
43680
21878
31789
13167
23559
55721
45891
11536
63689
19189
48651
17097
10637
38172
63127
33020
63263
65186
58868
56178
23889
38790
33905
55074
12411
49435
1665
24808
50594
32542
24049
52450
25109
53
58191
33774
44835
52093
62696
14739
17519
7201
47273
27245
14621
3611
58741
62912
33912
12693
63001
60936
46590
31310
52588
59752
24647
16873
34162
41417
29062
22392
10460
41256
42300
30445
34986
33654
20505
11432
6202
50443
64397
31808
48304
10323
8035
3739
54171
49059
41136
18535
41238
3529
44910
4923
22287
6996
29714
5762
932
52858
5969
4794
40649
36893
59786
55135
50046
53510
61407
45389
57744
64700
36472
33992
18927
50777
25298
16011
31333
24272
33830
3202
40201
6622
18742
26791
14700
27235
15578
44399
21451
51766
63278
14627
36110
9717
6159
50003
37562
5946
20353
54771
38509
52739
41516
4515
49845
26792
47029
29526
14686
31783
27531
44574
23601
22055
55138
40577
7759
17647
6430
48575
27644
27128
42289
3417
17124
57328
57308
9244
28537
19834
61329
7983
27941
32619
9795
35459
53261
34190
16853
49183
7561
3892
14202
52170
12444
7598
9182
51601
17102
54311
38818
49517
26257
43674
48828
57551
28844
19944
8430
56982
178
59785
32694
35618
21951
56078
25263
10146
65515
40023
11041
30042
21782
2526
19517
22023
11811
24900
55162
4960
60634
19689
6436
38149
55921
6121
33951
16218
2110
33728
48670
29997
43509
3814
17773
3911
58383
12811
5486
2902
42583
62702
58109
41958
28993
16465
62815
48982
9633
4975
14768
44476
9573
28421
19415
7960
48078
44255
56966
57719
715
47169
25240
17208
43402
56274
50776
23106
47658
41423
33925
40154
43068
45330
31122
5409
13672
50165
63923
32506
64064
44937
20248
19246
63195
10306
61278
64379
9108
65412
59525
50583
55487
5723
50416
9806
57901
30795
50425
32209
64529
19556
65057
18810
64522
18
30750
45691
53344
52108
62505
4397
5700
49207
35638
50592
65285
42288
25566
40847
59334
23428
59224
19299
59602
17314
29431
14083
39619
26069
61630
15611
11452
1050
23767
27162
10572
62440
18450
39727
59045
52426
4468
50719
52858
20938
23568
14224
58781
53621
58612
44577
64475
30696
1614
51903
36249
5340
52120
49717
5533
58947
3220
49647
42679
58679
22284
26147
18356
53175
12102
222
5367
19889
52590
27199
3979
31675
2073
34462
37245
23562
17679
34646
29487
12361
58516
12676
49300
21599
15446
31829
45558
3734
64601
6649
2192
537
60933
19511
51043
7312
6634
49887
59266
45283
26863
62377
20088
9603
32003
50124
2688
7122
11963
21632
10825
30219
12922
62915
60749
10218
5201
28221
5062
45129
39979
42983
7893
59368
17311
25851
30471
9508
29624
27268
61321
50856
22825
17332
11663
63586
9159
60962
27077
41340
25882
60333
40872
58015
3874
55242
37352
3269
7104
32564
24596
12126
44026
45541
33639
28657
1499
15536
10944
50230
31502
56601
14875
40621
48310
9023
63623
53756
56102
56069
58747
27796
30153
40810
22149
28679
17523
30702
46307
54535
13602
20063
14007
37487
33643
41669
54886
64059
42174
36840
26408
26018
62766
46926
53064
51716
9609
24345
51698
25147
54353
30410
12214
3397
57974
1594
38596
25198
62441
12273
25530
5955
13280
60214
38964
26979
52127
28221
44062
33827
49134
59796
37170
53671
26251
40339
30899
3861
16183
38360
17131
44694
29253
28516
14973
63477
1994
21040
55894
42095
58076
59494
51785
48754
16829
1672
37006
46
13950
9432
44426
44828
41076
19044
26059
37880
18748
36689
52915
40108
52614
23459
6467
30675
2259
62392
60659
28275
50404
32875
1794
63287
1548
27112
7975
38303
45055
31109
513
39497
42315
4241
5600
21266
24612
43594
32771
28119
32167
10330
61294
39385
34475
15689
36733
49546
64474
41267
43123
45380
26829
25626
9199
30253
42139
18074
62369
38043
22058
15078
9659
24344
36543
20344
1058
15343
2203
26301
47010
16637
63619
37818
21507
58930
32049
8904
8399
27602
4335
57913
17772
47974
5963
60991
54032
49126
23836
9330
19379
45409
37548
62385
1936
34677
16609
11755
19320
22194
52763
5783
8835
61555
45645
8212
18828
793
21347
62212
55201
31415
45187
38783
31919
40421
11138
40915
31845
48885
52058
32956
34215
43632
17830
55521
11269
13384
65026
46912
64921
6380
18892
27791
42675
12154
9937
58793
22815
2054
45562
45442
739
65362
54044
22599
63397
32791
16059
54751
48494
30895
7829
39399
26938
40050
59989
25074
25724
20837
52563
27093
6427
45213
22695
47946
302
1307
20172
29542
44045
7925
54953
13068
22870
5573
39616
2121
2803
25776
48370
44825
65326
64718
34657
47326
1700
15611
6500
33262
59393
43360
4779
41549
42913
34960
37014
7229
7618
19741
41152
38885
50901
11840
15061
49210
6406
64131
22701
45120
54036
10154
42653
59466
42438
12804
8254
4241
4165
46402
44507
34265
62617
42255
53757
511
44668
58082
57321
15350
43468
55799
32246
50827
33427
54053
22900
8316
8194
10701
58722
36494
16501
5547
29375
38272
308
58199
36306
59671
34306
53546
48276
32726
10136
41115
56572
55763
41012
10352
3689
29028
64629
7859
56133
7828
43046
20397
8138
40944
26964
22725
28568
18015
64438
58206
19716
22970
16842
45656
53234
6504
20422
34988
28473
32171
44580
39097
36499
19690
4517
21260
14703
36208
54216
15968
49053
8095
42930
39987
52825
31293
3455
46829
36736
32238
15801
41096
1089
43812
49144
60389
33426
50192
8401
41542
14793
54816
46467
10953
53480
35596
55123
12562
64798
22684
49907
9322
43598
23910
12808
25317
45166
13904
64661
27380
14607
13489
29729
12207
31062
25876
57552
50246
11346
25675
4481
47886
16916
19300
32021
37075
27508
65301
8122
31820
42119
42313
15775
1749
19374
63193
24275
63668
20994
45635
17248
58599
19475
61895
41235
55933
12426
40696
6949
50709
17389
38003
12907
51771
28352
8823
37833
1077
5501
45665
27261
27654
43418
26628
20448
59764
55471
20220
60604
4140
7753
25940
61924
962
12518
45228
10654
34670
28163
29478
25041
22572
5112
20947
36929
10658
22997
62793
23963
60506
18288
21963
48095
58837
15310
32916
35278
36960
751
6342
22336
5332
16331
55440
24170
12928
18801
53816
62484
49757
1075
36391
26812
57716
37459
34276
7515
3858
54339
61946
61132
58994
45265
9778
4724
41479
26202
41596
20651
42748
56688
61830
10387
24101
14627
60700
19915
48855
31222
9300
38499
45246
259
46338
48975
49396
33100
47347
11222
41967
49196
52417
6362
17321
5898
42112
32162
23269
65409
2817
34279
33202
64946
26683
13504
58338
15331
35102
9049
34297
14181
59837
11931
3635
24556
8642
41315
10219
52774
17991
25332
61780
28473
65202
27978
44958
65426
20471
23622
42816
18526
27455
27598
18399
23565
12449
45855
57169
8030
22958
25524
14634
58704
43432
37597
13067
3644
23396
11691
49655
26110
51464
52921
8873
22840
26283
40580
46138
65087
21052
8343
49672
18965
9691
39282
24388
1137
9737
5091
34857
13112
33339
9790
44683
19279
28341
9984
48932
59212
6242
24628
39511
23845
23588
14133
9580
18663
14665
21639
62921
24113
31121
55848
50321
51395
508
7456
47094
6097
17824
3734
40490
27468
49714
25054
5692
64441
41156
11585
12044
7856
57169
64739
19947
1178
31374
143
53598
30197
57807
31367
18244
27258
44358
497
61837
11636
36528
38993
39576
20890
35952
30729
26148
44337
18346
23976
52488
17295
39617
14709
10329
40921
24812
15985
49562
64673
28774
43708
63549
63564
26872
18778
55878
34946
57824
54115
39386
45289
2803
52412
36302
63953
18579
13394
4618
31417
17991
10394
33291
13770
49133
65507
62129
21032
36829
23090
3358
3562
15849
22731
956
31274
51885
4990
46593
26837
7079
34640
39699
36778
3955
39506
40049
52536
31047
39978
28093
47639
33992
62595
42688
47683
40700
49843
37995
62017
38060
57
38957
55667
23290
32375
6692
6732
60780
63651
26856
4398
13196
26075
51479
18055
45334
33316
63957
44613
30446
5554
41148
27553
46172
57435
40973
39775
65338
21196
3799
57508
2589
42005
5976
46011
54190
29827
49913
26888
22344
9944
20053
24678
43431
46570
4594
43872
50552
5836
48307
51749
4986
61607
24345
42884
46873
42332
33004
14549
64338
37711
42865
29029
28317
56914
37493
14510
39988
30745
27039
60707
11324
54400
64822
2334
24816
29414
33004
37476
12630
25721
43717
24661
1116
42845
60147
43887
22523
10879
2209
40932
51402
12171
39456
61260
38632
4514
38453
46482
20173
63793
63356
49018
60184
29307
4359
52106
60546
430
29647
55571
15146
31941
52759
735
28418
6547
35313
38463
59010
27000
51417
30738
5247
21308
61260
17818
7955
57630
47515
57670
24344
15746
54186
11801
63192
61404
53188
62044
18484
36065
47310
20085
13483
5843
41414
3578
40703
63125
19798
42506
33834
47864
24005
61093
24242
33784
28294
12792
35011
62842
8004
16501
61027
54823
20645
10815
34767
59925
15812
23754
17162
36128
28278
6114
39115
14250
51378
12774
33784
22464
42200
26021
8092
17616
3199
24350
28252
30439
10001
27470
22754
40108
39722
35776
17834
2725
2856
3405
21194
39848
8144
61454
45407
32205
27208
27160
24151
56311
14963
22166
49378
7474
28225
40331
17475
39137
32993
48605
39897
52964
38943
3014
44973
19099
14323
64598
16386
63573
48001
46497
59108
25066
41316
28897
3558
40168
25096
45674
6748
19453
52896
63679
31273
12154
41010
25326
17311
4477
6885
11156
39299
56007
60463
56042
53582
2469
5898
38871
44342
60902
33941
12823
46064
38726
7271
60046
3496
24201
33217
1965
41595
55017
31316
2231
32055
2018
60753
26704
32110
21699
34872
10331
9386
35579
17629
45117
39245
19607
861
62674
24863
12726
15754
24670
27395
7263
55101
22348
16526
7816
22132
41367
15088
64101
33405
59601
54367
41683
14578
20702
18215
50341
9797
64285
47235
51069
39161
31220
1059
52632
16172
30075
51745
21785
17737
53774
30973
8267
39185
2697
13880
40340
7160
48758
32301
51751
48982
21982
4422
54699
42165
11861
61300
8702
48451
18859
4356
9558
13379
16055
59594
56073
32378
52148
50551
56129
37467
240
25935
26422
5375
26319
17148
49782
64260
48941
37078
25864
39177
38028
49796
37640
65457
48190
19216
30466
28760
4848
56178
9635
17947
59180
32719
27855
35913
5722
60325
10247
17618
40219
1482
42956
16398
56751
1494
13054
56126
15863
37021
35156
7378
19585
26964
53425
29730
52809
22840
48566
28675
32961
26969
13710
60243
57219
51483
1396
53437
4230
59079
57449
23492
5820
58359
52661
50917
4565
47084
3452
18493
3843
1505
57549
63060
19208
3350
3125
51866
34818
46257
11181
7324
48578
21065
25000
40772
23346
34201
62771
39904
20247
16732
52296
56635
23318
13357
43166
34117
22030
7282
18160
47158
33953
46957
56846
8768
6243
54728
46347
24551
41278
21712
28312
15405
41931
60160
61827
42925
64046
33997
13543
24334
49488
5998
27587
65323
9080
61376
7919
48935
38718
15253
50682
45686
3009
58048
17464
3027
30753
23281
28267
32238
20245
19807
59867
56139
24434
1051
28650
39082
21906
35850
34431
2947
62341
35963
64830
62503
59838
42824
55903
8458
53991
13583
21553
49321
13532
27837
49273
31033
1328
23833
2188
65142
35419
57416
60817
4540
44475
47410
46663
16338
38641
30569
7243
2354
43516
40052
60241
58682
34849
16125
43311
10874
5967
48898
16679
46724
19010
24278
57393
2914
16387
47568
55751
63216
46469
21511
39463
4825
51573
41618
64004
61596
52197
54813
63476
45472
30698
61331
29329
25093
57518
21313
11441
39189
7902
31569
34876
57837
8864
16278
50677
54003
62574
45458
2760
56867
9268
53000
37152
2136
63684
54306
7524
40203
21217
65414
32110
48918
43586
54578
26064
33684
34332
8203
36964
5568
56878
20291
2285
40193
34808
13545
11679
64493
3895
38877
55924
16706
44842
24363
139
22314
24324
53197
55015
61989
58584
59766
20267
8712
55571
17868
6003
26097
4665
37637
3755
29482
30699
42532
9868
35858
11349
37439
30899
20608
51531
6779
44036
38770
40369
40088
11225
43011
32764
35286
62687
42016
41166
4365
31324
38985
24193
17654
29190
53337
54020
29260
4968
57090
6457
44700
4772
43406
61677
43285
18933
56597
2845
53722
950
56368
57217
2604
38311
26881
65099
28254
21388
8683
28322
47700
31459
25849
64393
13406
24287
62458
65429
37112
42602
45313
46519
22993
30926
34774
8861
61117
15804
214
11290
3228
63966
37321
8825
33773
55151
12738
20515
28621
22645
13532
27425
34621
27301
33261
20775
40321
64672
47587
32315
22670
33327
54993
9591
15386
4703
34425
17330
42240
33182
22535
29278
38345
34321
13594
40671
20663
7878
2573
53564
20681
14030
24997
26682
15998
5570
23005
47380
61039
56719
10828
3752
18205
2663
19379
15016
42331
11409
52819
304
38175
167
632
47727
5021
64008
61433
65155
4724
40785
46129
36804
62839
44227
49779
59595
18501
13686
1953
5799
24944
28377
42064
19081
36251
7274
51039
56932
40285
4376
8872
31111
41578
32682
62567
51362
50812
45718
64157
15880
45743
30471
48987
27508
52613
45452
62572
14390
64300
58382
51675
47119
59351
17363
22197
21565
18794
38
10396
5422
103
57325
43964
23369
40742
47930
43828
15887
18037
22561
15183
47233
64807
48089
36437
2907
54703
56763
916
28273
20072
35043
24377
54836
3006
27166
11938
53268
14288
50691
14251
45338
56829
56886
53868
48411
45315
3482
29680
60218
9828
2945
8286
3263
55144
28707
56922
6956
36570
11017
28155
7226
40169
13353
31763
12693
60109
57091
6572
7970
2822
62438
54782
18889
6183
6365
48241
25817
15362
13784
43807
40246
38590
56178
16633
37784
49534
37314
21008
11138
64541
63060
31552
26206
62640
28653
22723
36375
46760
63736
21429
6592
35579
15910
16790
55686
47654
62192
40184
61442
32135
32117
2009
6161
17816
3837
10648
31400
17709
20186
22321
42374
56317
37373
5827
4130
60649
34241
12476
34331
37040
9043
23277
51163
12503
6028
29653
51156
12982
47702
62678
47989
23658
12759
33844
22605
62747
35192
10267
12663
7113
10691
21551
64044
25558
25213
64839
22909
24467
44300
696
63852
5104
2445
45454
43527
39642
1475
53651
28406
44708
65525
37072
30595
45558
41714
9773
8441
31456
26045
58213
23502
9761
40274
4590
40110
32577
13159
7727
36710
37563
27425
61297
21788
31043
33816
43903
4308
44155
41626
18462
35133
58142
31979
4449
60258
26650
54285
45859
20529
43000
57040
28145
12202
11127
20849
459
55079
49773
14085
47660
13602
11175
19887
19550
17638
11965
45502
34461
56764
31648
25805
59797
24387
62892
19933
10860
22054
50526
3609
50168
20668
62976
11592
59494
44524
16782
14611
17663
33033
40830
61399
44481
7645
39736
1484
27752
28510
34497
8296
40446
26948
38132
10618
40428
65201
63705
39872
51860
17496
45878
52724
59306
61416
23374
18110
50529
16038
23107
65486
2586
41002
51509
65188
47777
57506
59746
21236
30020
4124
14895
10057
9957
9967
46122
64312
13301
34728
42389
16572
10626
10511
5082
55499
35366
22292
5370
39498
8038
34502
7391
29145
12956
3827
44382
38373
28221
15787
1764
29395
64422
43412
684
33551
32877
25392
36282
63091
13276
63393
32653
53772
17941
16228
65118
36304
26816
31290
48408
13517
34691
45699
9540
57428
14506
55276
55590
44473
52953
1198
62902
5973
46205
22608
39189
2273
60460
28265
32138
57028
2788
24068
53347
37885
10718
13146
18333
16469
37343
63031
54847
24256
27580
25842
34139
15691
10106
42344
57661
45615
20312
54989
36422
16943
48714
38611
38008
32375
53109
18546
6391
42439
18535
12345
39713
29808
10461
35516
53989
11129
32978
11396
30290
13756
65050
14402
47592
16341
60937
55215
27744
46160
19941
62313
39893
31604
9561
1771
28384
15186
456
27539
64166
61949
59704
58117
38958
54304
61864
39627
26904
27360
9988
29261
31148
44213
5622
21137
28361
31208
5062
34100
60912
23250
48445
20456
59280
30082
30118
58066
25499
15755
58233
1413
2906
54041
39052
21953
41342
58943
17912
13682
1328
40707
7733
18752
13843
8000
56540
58460
2250
2042
38028
30487
40410
19670
15050
11914
19709
60300
16337
40229
37108
25253
37289
64137
47981
34878
18744
58682
680
18522
52798
7092
9657
2880
9861
52972
46484
4588
32329
61279
25485
3169
41682
20915
1741
16164
581
22602
8418
57982
38286
33882
22415
13274
26675
23742
62539
46883
21080
12906
23907
29739
55324
39609
9494
35386
19596
22690
3482
55139
41447
10781
42832
34761
4898
15232
46486
16682
26780
40134
7981
57777
24333
37125
14023
4029
52364
42939
27144
56640
58841
39572
45042
3886
18985
63262
59781
52575
36242
14990
22536
54159
23697
26058
31036
30709
5750
24018
3318
34359
43159
21238
18988
59867
62649
17699
15176
35432
39648
36904
14141
55673
61545
52973
1134
19009
16970
6347
50080
57394
39997
28674
3613
32679
22111
26667
811
34925
30365
38271
52705
45881
34336
49607
51567
32350
63066
38325
384
63969
62937
36590
51101
3483
5937
64049
29991
60417
59689
36575
3943
7017
34601
37026
34346
60063
36105
19471
44368
62033
61413
20135
7417
25052
32398
6131
36001
39320
42988
8609
33350
49076
17051
61688
61654
10309
46845
20040
12982
1536
63701
35296
63724
29926
61299
17032
31562
51594
4843
54046
25441
40024
29520
2035
20769
44025
35669
64211
13941
57542
56174
30180
35856
24892
24619
38987
25173
31764
59313
9869
47209
346
53933
50228
20349
42502
43764
3100
50960
33690
33802
28905
53039
23669
4402
48067
12265
129
30648
38984
22064
48909
28626
52846
6425
17373
60710
8977
55510
41499
1300
37300
40045
44962
50811
2177
33547
58061
39099
59133
19252
42276
1491
63573
21463
12669
48643
59290
20859
65328
38068
61917
6814
6863
54744
31184
15569
23920
54312
39303
28707
8462
257
42000
29166
4564
34411
64114
3531
32526
8354
24335
54451
62391
59963
51247
47088
7134
27786
43500
21270
12387
44962
5822
2624
5521
54125
29518
51315
35111
13857
59714
63449
39960
16477
16830
57147
38601
30010
16611
23405
47736
1059
38728
17086
64150
33519
64475
11973
53851
51077
63673
62862
50947
1999
56368
38796
32640
47867
24848
10707
1129
45350
56441
47533
38457
63532
33466
51735
36681
23658
32932
12530
11101
6287
4065
46777
58537
2474
15760
3975
11013
23130
32317
10800
26958
31764
51451
36523
26348
58801
33487
35310
48956
8022
40231
57915
29621
29175
47440
37696
47746
25439
60259
53777
36108
60785
59173
9236
54655
49869
54484
61224
47248
23648
62483
46102
24590
41559
64382
1590
41655
28634
7525
49701
16384
56368
36173
35501
49335
62892
37799
63812
36344
33643
11190
16111
7146
58386
33942
37341
55841
38688
34559
10818
38447
21426
10802
55630
54977
231
43018
46900
8062
27889
2683
44046
51472
45518
63790
37894
2649
37985
56925
43110
52274
29991
49514
38533
25909
22981
45250
5792
32789
11579
13263
19793
45785
36387
21922
57786
30518
18489
14463
22288
38023
8750
14070
52399
23214
11430
41282
8531
65418
49399
56923
15338
39901
20922
30045
6567
57401
11604
6911
17938
19166
44204
62364
34972
35602
30965
27641
65065
25488
37558
37836
27341
59128
36984
24314
61886
61982
6806
58173
33072
44797
10641
52464
60790
7131
52527
5678
62160
35229
1248
2203
21450
31858
33957
42612
8350
58753
45602
3657
56992
36526
12872
16999
65
44520
36189
22328
48791
38011
52735
58962
28719
33236
60970
8510
8853
38115
62252
51339
10879
18860
9876
60648
5171
56740
21497
8337
35496
13029
21795
47979
25763
43459
3406
37015
34090
59895
40228
51369
20365
28567
19290
64194
24789
57584
31848
7203
59888
27886
57300
3519
969
17741
56180
5725
40235
340
9612
63664
4672
8734
59301
22497
42354
13207
31526
54940
376
56711
54415
1580
62796
40433
6896
18057
17451
4093
28118
42224
4134
48806
18380
45589
31770
51766
12749
19774
30484
33058
61632
35369
481
28424
11997
29109
49842
32358
44243
41696
27236
54817
15427
29952
5426
64975
28984
50161
65117
26493
26712
22395
42064
43983
64046
53143
150
51263
63509
50341
47865
37882
6186
17744
28255
8085
26586
41073
16605
6710
39871
42842
3923
57225
17329
45652
41673
39175
35616
54913
57388
22566
1699
27606
15466
27956
14383
17054
19443
59414
1249
54935
48919
31002
16105
64864
44774
28888
35081
36829
46089
23620
11788
3726
51593
27928
51261
36991
62930
23456
39329
29393
44743
13165
1748
28403
48391
3394
48164
7734
62066
57646
604
15736
25216
39302
23452
6322
7621
29002
61173
14330
40541
47714
2895
53282
27047
65009
660
53066
254
31559
44226
15254
33097
1485
46807
36141
64647
24583
8555
56743
28941
33257
17262
3502
15610
32880
60005
55088
28243
57912
31024
36323
45594
4640
49340
27586
11016
731
64216
19557
25265
12084
50833
55517
64867
32608
27988
32792
59741
21732
48725
40658
43347
12745
2835
33045
57296
25635
27057
38729
57079
64867
50068
34161
24399
38858
59985
11942
16285
33327
50473
61846
45017
22396
15796
16730
37328
47458
17137
60294
23142
31420
23073
57798
63852
1537
37191
27858
10651
34288
59231
18418
50011
32420
19203
21649
62524
57233
64861
35289
4490
22376
5150
58800
15252
28178
60315
55594
60868
12200
37556
52103
57055
13017
3149
32184
54966
25388
8191
25033
34130
17624
31798
63110
35186
57164
31579
7345
26433
25717
48356
35560
60068
46842
17671
23102
57963
41934
65260
9350
6432
39791
9577
46183
32577
6330
15703
16276
15397
60864
48166
14916
8989
12563
18275
6107
15947
39896
36171
39471
35697
53224
62571
8349
41963
43044
42397
44421
21197
23003
51540
42554
23827
44687
15704
12695
23754
42970
54304
40809
55186
65373
29640
36753
5350
42180
22484
22550
6177
24652
19485
42849
42864
30395
28237
40389
56548
36893
59177
12475
64582
562
1057
10236
29191
34016
41121
11610
17675
29451
57611
33223
52195
39031
20173
50003
18303
62609
32343
33433
28595
16930
8753
24977
55343
14522
39504
27202
41477
12685
36635
24044
42190
7476
46814
34108
58284
65011
63547
19134
47688
50888
18759
48350
7293
48926
51218
42723
30522
10327
62639
37096
19930
1606
51648
16488
20718
14875
31677
6245
46174
15426
37584
24936
58742
11915
56971
55329
63706
10075
14954
64603
63558
4725
53614
26908
24594
54658
48171
28848
35458
57952
21986
46766
57089
42984
36265
45203
11935
4776
13879
46547
7990
19516
47797
54865
32500
35330
38576
49974
63099
62576
46692
30383
38788
32568
54823
47622
52942
36707
20174
4213
9466
7875
55254
62999
65029
4215
54151
58739
3095
15373
33151
27913
43167
35425
3983
54643
56045
28292
642
19402
57733
27823
13594
17569
7971
37708
56511
45652
48737
7495
50484
776
45658
60975
56178
60043
56594
11167
36394
22747
11343
32882
5510
14698
21097
23976
44928
57083
3193
46603
48106
53771
57634
62892
54507
65526
46943
44080
9850
53064
2015
26106
43863
60063
30182
20001
38985
32606
36134
52882
4976
612
10621
36262
42542
5514
64553
11254
15397
50440
15089
52400
61979
40288
46029
62907
53950
45846
13365
18488
25167
58743
20013
31809
64766
55122
12580
56153
29980
50558
40378
22878
38841
13887
33656
51130
50343
61501
45666
2091
21770
32591
19034
29166
20261
38558
5236
63451
16369
22047
40027
8732
24269
52742
63916
42386
36218
39850
30721
25366
15775
35105
31386
11000
7148
44340
27212
44061
7433
13318
26187
25204
53505
12586
12142
5395
14458
58684
22154
41775
38042
43981
21783
56381
42785
57991
20553
52191
54716
14483
56629
54728
52567
49075
17431
16163
45593
31748
51031
32894
56554
42095
7225
62409
10612
62738
42340
15326
65106
33998
56362
30469
25774
63837
27639
55593
10085
18063
44005
3156
52385
61965
29597
42329
12799
31045
3690
50440
5626
53613
59759
24205
62553
65387
19896
54572
27852
62320
63767
6660
18728
63032
54362
46463
11781
10551
62785
62410
17935
18063
60811
23551
23724
12101
42639
23771
60997
53207
64970
4043
13671
47181
41315
36013
39357
42064
1322
6019
47104
19520
11136
19462
25497
316
54349
21526
48717
52322
64769
40497
54792
28006
7858
48454
19593
57565
25356
35137
8866
59011
34391
45223
25697
11528
6399
19299
25941
60439
2878
2318
15892
5119
4004
23159
1797
60755
60793
52826
16508
14011
63234
26122
54634
60096
45618
24360
14437
24748
1047
47589
65485
34425
40671
37827
58499
10605
13225
49768
45836
20510
44664
34332
33326
11607
9243
60666
53353
46328
14287
9703
55270
9903
22397
23047
3685
63850
3384
40098
5319
42549
51594
55601
2513
50663
7573
45282
6902
1758
2023
29452
2574
8417
32661
29304
14943
10055
18024
28099
42668
44577
49350
1447
1466
9569
62216
4947
6249
60540
976
27966
42074
40217
48933
27339
56389
16985
3698
31968
23464
65398
31992
8925
47757
55600
57721
45961
15452
40479
9059
17934
19388
54851
16422
37379
28599
3833
14691
29781
34888
46879
22820
37669
3044
22355
19491
43374
20549
35522
37112
49462
30569
22003
44473
22190
57457
9603
28391
6848
6055
12029
18459
7110
34502
1862
2382
3147
61585
48067
61467
64339
6870
6001
62070
40101
20520
59756
36687
41119
48722
25773
56074
53638
37141
17234
22877
963
30651
37883
64814
48167
45184
32099
10843
31957
49028
8445
31250
54841
29733
42400
32647
63640
15280
16261
34730
49352
36300
64008
57045
43464
17446
60431
9990
58847
55708
15133
63422
58940
1572
7373
57547
15294
58843
21549
22938
33007
26080
63838
5090
21661
18133
50243
25882
12821
11726
63120
15551
63497
34588
54290
10554
30175
58822
32890
38559
22933
29241
62714
37036
33788
57463
16844
54638
55125
40383
52344
61151
45983
17434
32242
33621
19531
38351
63241
45907
36213
28615
24620
25072
58632
5268
4601
33689
64204
64324
3846
64790
49015
59636
49548
22768
61738
57343
52927
42115
12241
12821
57011
23258
50435
30980
8522
35222
54462
59329
16375
58099
54939
44983
25664
11148
54239
41255
58107
24766
19127
40155
23592
32636
54370
1264
38011
35350
60305
65448
58044
47437
44766
56787
37329
39595
30035
17694
16866
43366
52870
39641
51895
28384
9188
43004
6532
21443
40214
20580
40456
19741
55631
49588
12427
39480
27702
29276
22730
26839
8307
23765
53548
32887
30427
34970
4907
25852
56696
18796
50335
21285
3169
56325
34727
5389
14836
17227
16864
20921
55600
